5326
30 166 328 362
110 258 76 370
96 182 368 82
106 254 72 418
30 166 298 402
100 278 254 98
126 218 76 418
104 242 74 450
88 50 382 322
82 54 392 306
122 222 78 418
128 178 80 458
114 254 84 330
110 226 78 418
104 274 76 394
30 218 244 346
84 54 412 298
124 206 78 450
36 134 320 274
124 186 80 458
60 82 388 242
40 122 382 242
30 210 248 362
102 162 364 90
72 70 354 250
110 62 148 434
96 294 114 218
78 70 350 234
96 282 94 274
94 286 100 258
32 142 304 314
30 218 216 378
32 198 200 370
106 274 276 90
46 194 374 146
88 54 408 290
88 270 270 98
118 206 84 378
114 246 86 322
30 218 228 354
126 190 78 442
30 214 282 298
96 266 182 146
78 50 390 330
98 270 322 82
40 218 348 178
42 214 334 178
76 70 358 234
120 226 84 370
100 66 152 410
104 154 124 250
120 154 202 154
88 190 186 162
100 182 190 146
68 78 320 226
54 90 254 266
36 142 354 250
114 242 106 234
102 274 254 98
106 54 324 298
46 202 348 154
116 146 200 162
72 162 194 186
54 90 250 282
98 58 314 258
82 62 322 250
30 226 234 346
90 54 400 290
102 54 334 298
104 54 326 298
70 142 394 106
34 134 270 378
132 186 82 442
36 122 334 306
64 90 374 194
112 226 84 378
90 282 164 170
122 242 70 450
88 66 150 458
106 54 366 290
52 194 168 258
60 122 322 154
114 202 80 450
112 74 136 458
104 54 238 346
120 230 72 482
124 230 72 466
122 182 82 458
30 210 226 370
108 274 102 226
118 226 74 498
124 210 82 418
120 238 72 466
38 214 248 242
110 254 98 250
36 146 344 250
88 270 98 274
48 118 166 450
40 218 204 258
32 198 188 394
56 78 200 442
42 234 232 226
38 154 166 402
40 146 174 402
90 138 278 130
48 98 198 442
44 98 232 410
104 62 260 266
80 66 324 258
72 138 100 426
46 130 258 250
104 58 230 314
84 66 156 426
88 74 278 226
104 250 108 226
46 198 238 210
46 134 158 402
90 58 194 386
84 58 304 290
98 102 264 162
48 186 386 146
68 86 290 210
96 78 184 306
94 70 192 314
62 78 180 434
50 210 360 138
126 202 120 210
126 194 126 202
84 118 120 338
56 90 292 242
64 170 106 346
84 98 166 282
60 126 118 442
92 94 114 394
56 74 258 362
58 130 126 434
106 98 166 274
54 106 158 474
84 162 116 274
90 94 112 410
92 114 94 434
60 86 356 218
118 222 82 386
36 214 184 338
98 66 150 450
76 98 338 154
96 58 172 410
104 50 214 450
58 90 160 474
102 86 158 314
96 110 100 394
108 50 248 386
40 154 158 378
42 194 298 194
110 78 130 434
92 118 274 138
42 182 346 186
94 86 116 418
68 70 178 466
106 174 254 106
102 146 114 282
74 110 382 130
90 110 94 442
40 182 220 266
44 90 258 370
64 74 172 458
68 102 382 146
84 102 370 138
38 202 298 218
64 94 404 178
92 102 102 426
66 122 378 130
56 214 286 146
56 138 390 146
64 78 174 450
44 154 200 282
92 74 158 378
96 110 262 146
74 118 336 138
104 78 164 322
106 214 122 210
50 222 364 130
60 194 284 138
92 198 370 82
92 162 382 82
84 106 360 138
46 214 356 146
88 158 392 90
60 206 376 106
38 154 168 386
68 210 366 98
84 94 344 154
46 218 352 146
66 98 146 378
106 226 148 170
80 202 352 90
86 94 336 154
90 66 200 314
50 182 206 226
38 166 226 282
54 158 220 210
48 114 180 386
92 94 180 266
44 134 168 378
56 106 150 466
40 162 164 362
44 114 304 258
44 114 356 234
62 94 138 474
54 202 210 202
46 142 384 178
46 154 360 178
36 130 282 322
42 110 314 274
34 158 320 266
46 218 182 258
62 106 138 402
38 210 332 194
38 118 326 290
52 162 308 162
42 214 194 258
66 130 130 330
98 190 136 210
42 210 346 162
40 210 316 194
68 170 296 122
44 130 316 226
42 98 342 314
78 110 300 146
44 194 332 170
44 130 224 290
46 130 216 266
44 166 362 178
38 126 338 266
42 94 330 322
62 158 274 154
96 66 280 234
46 142 250 242
46 138 260 242
60 174 256 162
50 146 376 162
66 194 240 154
66 238 286 114
88 74 288 218
54 146 220 218
64 134 314 146
66 214 216 170
60 218 302 122
48 106 352 218
92 70 308 218
98 66 272 234
50 154 354 154
98 70 304 218
88 98 202 234
66 118 304 154
50 146 320 178
60 90 328 202
52 114 372 186
102 74 268 218
40 114 312 290
58 230 144 250
54 90 340 242
86 102 166 274
54 210 152 258
66 162 288 138
78 102 332 146
70 126 368 130
50 142 328 178
76 102 340 146
82 102 328 146
86 114 318 138
74 138 380 106
64 242 230 162
68 162 252 154
60 254 164 234
62 138 300 154
66 110 366 146
76 98 374 146
46 222 144 298
60 182 292 138
88 90 150 330
42 174 358 194
42 190 290 202
64 102 370 162
78 98 146 338
104 102 128 338
112 110 148 282
100 142 358 98
50 202 268 170
50 90 202 434
96 90 222 210
106 226 82 418
98 214 82 434
52 202 374 130
46 190 380 146
126 182 80 458
104 50 304 338
52 102 176 442
108 166 140 210
104 142 116 282
32 190 212 346
116 210 140 178
110 86 156 322
80 94 348 154
48 218 336 146
70 138 112 370
40 214 236 234
42 110 324 266
54 158 368 138
100 58 306 258
62 126 344 138
58 190 352 122
78 98 366 146
48 94 342 266
78 130 390 114
46 114 306 242
74 118 124 346
84 66 318 250
74 238 140 226
64 238 136 250
126 182 138 194
42 138 176 386
62 166 290 138
58 78 194 434
60 218 124 274
76 226 204 162
108 130 182 194
96 290 108 226
56 82 200 394
74 230 142 226
100 78 176 306
100 78 158 338
102 102 130 338
62 234 328 106
60 234 140 258
52 198 380 130
104 78 182 290
88 94 146 338
98 74 154 362
68 206 296 114
60 218 334 114
40 138 252 290
46 210 358 146
96 86 164 306
102 74 160 346
78 238 254 114
40 134 178 402
62 210 98 354
48 190 364 146
48 210 342 146
96 50 230 434
108 102 144 298
74 242 266 106
86 234 242 114
46 178 352 154
52 186 164 266
40 194 368 178
48 110 184 442
38 182 358 202
42 190 304 186
100 86 226 210
34 194 368 242
106 90 202 234
70 222 278 122
68 234 284 114
90 98 170 274
60 218 228 170
80 202 90 322
60 170 160 250
110 102 192 226
78 254 102 282
106 102 184 234
94 242 88 314
90 206 86 330
86 246 92 306
84 138 136 266
94 242 92 306
102 270 150 162
70 110 128 354
52 190 140 298
90 270 160 178
104 210 124 210
66 126 120 378
98 186 174 170
70 126 134 322
60 150 108 402
64 134 128 338
54 158 116 402
56 166 106 378
82 126 130 306
94 126 124 306
70 130 152 274
58 154 112 434
120 202 154 162
102 150 238 130
36 194 166 394
76 130 130 298
66 114 122 370
102 182 136 210
86 118 118 346
102 122 290 130
62 130 136 322
70 162 114 306
96 174 186 162
66 154 118 322
58 142 126 338
86 126 120 314
60 102 152 362
54 106 160 402
72 130 110 370
86 146 198 170
52 110 176 354
94 114 276 138
106 174 194 146
62 110 140 362
108 178 184 146
64 78 170 458
62 106 152 338
96 90 140 354
114 134 190 178
56 78 208 418
66 98 178 306
110 114 198 202
106 190 132 210
106 102 208 210
58 82 196 402
86 78 142 402
92 66 166 386
74 82 174 330
80 90 146 362
50 98 268 274
68 78 206 306
78 70 188 354
58 130 132 370
92 162 208 154
92 70 158 386
62 90 218 274
80 122 128 322
108 138 128 242
62 98 168 338
96 66 164 386
72 102 146 346
70 102 132 370
66 174 114 298
88 74 154 386
112 146 124 242
80 118 138 298
66 94 274 202
86 82 154 354
56 90 250 266
98 126 140 258
90 118 128 306
72 194 94 362
106 114 154 250
118 130 130 266
60 86 186 338
90 66 170 386
110 122 136 274
114 126 128 282
116 142 122 258
54 94 226 290
90 74 152 386
116 134 128 250
70 162 110 314
98 62 152 450
98 66 162 386
106 142 124 258
106 122 120 298
116 126 124 282
58 94 176 354
58 174 106 370
68 154 98 402
94 66 156 402
94 70 166 354
76 90 266 202
114 130 126 282
62 158 108 394
70 178 92 426
104 82 156 346
78 86 150 354
50 94 194 402
60 186 194 210
64 178 116 306
92 74 278 218
94 82 250 210
62 94 166 370
46 98 222 378
54 122 186 274
60 154 112 362
68 78 166 418
88 70 148 410
92 106 240 170
64 166 204 194
40 130 182 410
94 126 200 194
98 78 136 506
50 110 186 402
72 162 106 330
62 178 98 418
54 114 150 418
56 202 160 250
86 186 196 162
52 106 180 410
68 62 218 426
58 110 136 458
68 102 148 346
62 226 148 250
80 210 162 194
78 122 124 330
74 94 144 378
56 94 234 266
110 162 214 138
110 154 232 122
108 158 252 122
62 206 110 290
86 122 130 298
118 162 224 130
64 142 274 162
96 78 218 250
62 78 182 426
56 214 106 306
88 122 128 306
110 174 228 114
114 170 240 114
68 66 312 290
54 78 230 426
70 66 188 442
54 106 184 354
102 190 194 122
86 170 220 146
66 66 274 314
54 102 232 266
50 114 228 258
94 186 240 114
102 194 222 114
62 82 296 258
110 162 244 114
60 70 206 450
66 66 336 274
108 174 230 114
58 78 360 274
74 82 318 202
98 174 328 90
100 214 212 114
94 98 218 210
114 170 188 154
58 74 308 314
82 150 312 114
106 154 170 186
112 150 194 170
76 98 316 162
40 130 206 362
40 118 286 306
76 78 362 194
66 66 272 330
102 78 216 250
64 94 208 274
46 90 262 354
84 74 380 202
88 66 190 354
44 90 254 378
66 94 218 258
64 66 282 330
108 130 216 162
56 98 210 290
44 98 306 322
64 66 280 338
60 70 312 314
40 110 236 418
82 54 234 450
124 138 212 162
90 54 252 354
52 110 196 298
56 98 254 242
70 94 264 202
42 114 358 258
54 86 268 282
90 54 254 346
56 82 248 306
50 78 280 394
54 74 250 386
52 98 348 210
48 94 344 258
46 118 306 234
58 98 306 202
90 134 292 122
56 126 148 322
44 90 240 386
56 90 210 346
78 106 140 330
46 90 258 362
54 78 254 378
86 106 156 290
66 66 248 362
50 106 346 226
46 130 256 258
88 134 294 122
104 98 216 202
50 102 254 266
56 78 236 370
70 102 182 274
98 98 222 202
50 90 234 362
50 118 240 250
92 106 210 210
58 74 264 330
106 154 270 114
54 82 232 362
96 102 198 218
50 82 270 354
80 90 196 258
56 114 156 338
48 110 230 290
62 90 184 338
56 98 176 378
66 146 158 258
74 106 198 234
70 106 274 178
54 106 166 394
118 194 76 474
44 130 360 210
70 262 212 162
56 82 288 290
42 202 340 170
84 274 178 170
112 218 82 426
128 238 74 450
66 134 112 394
44 146 156 386
82 66 184 386
88 66 322 234
50 110 158 458
116 230 80 394
110 166 178 170
102 130 264 130
82 106 400 138
44 90 278 354
94 206 164 178
42 158 148 378
58 98 146 458
44 138 354 202
40 222 198 266
40 110 350 282
42 150 264 250
52 154 238 210
56 86 346 234
68 166 300 122
66 106 390 146
100 90 208 234
58 74 334 306
42 106 304 282
62 126 370 130
102 62 298 258
100 50 236 418
76 118 136 314
82 214 138 218
100 78 190 298
98 270 148 170
88 222 88 338
94 198 166 178
86 122 236 162
58 106 160 378
60 158 112 354
56 82 214 370
50 162 172 282
94 146 110 290
66 142 154 266
68 118 124 362
120 162 142 210
118 142 120 274
98 58 166 466
106 114 134 290
74 106 140 338
56 194 210 202
82 102 132 354
34 146 226 394
80 126 118 330
42 94 322 346
60 70 310 322
58 82 256 290
74 94 262 194
70 166 280 130
66 178 314 122
88 122 294 130
58 74 228 426
62 142 244 178
76 270 230 138
50 138 356 170
42 90 282 362
42 134 254 258
56 90 332 218
50 102 376 234
68 122 320 146
72 114 390 130
90 150 318 106
80 278 226 138
88 270 220 122
110 182 222 114
110 198 186 130
106 110 118 330
90 122 126 306
64 166 374 106
88 138 116 306
56 94 180 434
64 122 324 146
80 126 384 114
42 174 248 234
74 154 198 186
66 90 198 290
92 266 208 130
108 186 200 138
108 90 144 338
64 78 168 466
56 98 174 386
48 98 254 314
62 82 258 282
50 98 260 282
78 250 202 162
62 86 158 482
98 86 188 266
80 258 228 138
58 190 384 114
68 86 158 402
36 122 320 330
102 102 158 282
104 82 208 250
104 78 214 250
76 134 128 306
52 182 384 130
52 106 170 442
40 114 218 442
40 198 316 202
52 106 368 194
84 146 306 114
94 158 334 98
94 98 168 266
86 258 190 154
62 166 382 114
38 122 222 450
38 122 230 418
62 118 320 162
86 90 216 226
34 130 338 306
60 118 336 162
86 102 276 162
34 118 346 322
36 110 334 370
38 194 306 218
62 82 282 266
34 126 354 314
34 130 306 378
88 90 214 234
34 162 342 258
90 98 248 170
84 134 112 322
88 142 122 282
60 190 362 114
44 170 248 226
56 106 196 298
94 146 102 314
84 130 132 290
54 142 226 218
42 186 240 234
62 102 262 202
60 130 296 162
46 110 312 250
46 190 260 202
78 174 148 226
34 146 282 306
34 158 286 282
38 154 232 298
94 122 128 298
34 138 286 330
74 182 190 186
40 126 296 274
34 138 262 354
34 122 312 338
40 158 246 266
106 114 122 322
48 102 236 314
40 166 238 266
50 166 246 202
62 190 188 210
46 178 262 210
78 98 294 170
52 178 338 146
42 198 258 218
42 122 222 330
40 138 246 298
38 166 214 298
76 98 302 170
98 118 122 314
92 130 146 250
98 102 194 218
64 90 198 298
40 182 238 250
36 154 232 306
40 198 274 218
66 106 318 170
76 110 188 242
48 90 236 370
36 154 314 250
52 210 306 146
106 98 194 226
52 78 258 362
46 102 224 362
44 114 216 338
34 202 262 258
42 146 266 250
104 94 202 226
66 190 316 114
42 186 294 202
62 202 216 178
48 222 174 250
40 146 242 282
46 94 244 354
36 210 244 258
36 202 218 282
104 106 170 242
100 170 94 322
42 106 280 330
56 82 232 314
32 146 344 298
40 194 296 218
56 222 224 186
74 218 234 146
112 110 160 258
100 130 130 274
78 142 142 258
54 154 224 210
46 154 268 218
62 218 310 114
56 214 188 210
100 122 122 306
44 114 286 274
46 198 312 162
52 210 232 178
50 194 246 194
36 210 276 242
42 174 282 218
62 194 186 210
60 202 194 202
56 218 168 242
60 222 184 210
62 238 198 186
54 222 356 122
50 206 258 170
54 194 260 170
44 158 272 226
64 210 190 202
66 230 170 210
56 250 198 202
66 246 180 202
56 198 166 250
40 166 262 250
120 106 158 274
40 126 256 298
38 162 252 266
40 178 240 250
40 214 252 218
36 222 262 242
52 194 204 218
62 218 160 234
42 158 258 242
88 94 200 242
112 162 98 306
40 230 296 194
44 214 248 202
44 202 264 194
42 194 266 218
38 218 284 218
36 190 294 242
54 222 162 250
52 182 170 258
36 154 262 290
98 118 112 338
116 166 100 290
60 162 260 162
40 222 304 202
42 230 280 194
46 194 256 194
42 234 242 210
50 202 248 186
48 202 254 194
46 210 240 202
48 190 270 186
40 186 302 210
30 186 306 314
92 114 162 258
102 126 108 338
80 90 212 242
106 154 96 314
48 218 280 178
60 182 244 162
48 222 242 194
52 198 240 186
32 190 252 282
104 146 102 298
102 150 94 330
104 158 98 314
36 170 226 298
54 190 294 146
64 190 326 114
72 194 300 114
48 210 286 170
56 222 284 146
40 190 328 194
56 162 208 210
38 214 294 218
44 214 302 178
66 238 186 194
58 202 186 210
52 166 234 210
32 186 250 290
74 122 118 354
102 166 92 338
102 158 100 306
58 158 176 250
44 182 192 274
56 210 234 170
72 202 302 106
54 218 314 138
40 214 310 186
74 246 208 162
62 230 204 178
58 210 220 186
38 210 266 234
70 218 312 98
44 202 252 218
42 190 236 234
70 238 226 146
66 230 190 194
44 178 244 226
40 210 258 226
64 198 328 106
52 230 304 146
52 178 288 162
52 146 282 186
66 202 184 202
62 222 252 154
58 222 168 226
50 130 230 250
38 218 256 234
58 162 296 146
62 166 288 146
56 154 284 162
54 202 176 234
94 166 102 306
36 162 308 250
50 162 330 162
44 150 366 194
36 206 246 258
42 206 244 218
38 202 260 242
56 186 312 138
56 182 256 170
64 170 262 154
52 194 324 146
74 146 130 282
100 142 110 298
44 158 316 194
44 134 356 210
46 134 366 186
54 142 328 162
56 138 320 154
42 186 280 218
62 174 274 146
58 182 180 226
112 126 162 226
86 82 222 234
90 130 120 306
44 122 380 210
54 166 288 162
60 174 270 154
62 154 304 146
60 170 300 138
50 178 318 154
108 126 154 234
42 134 366 202
40 138 336 242
68 182 292 122
80 98 166 290
42 158 380 194
52 146 318 170
72 190 278 122
116 122 154 242
72 98 186 266
70 106 162 298
52 110 260 242
36 150 292 274
60 102 344 170
76 198 230 146
74 102 320 162
110 146 120 266
72 118 300 154
64 150 298 146
56 178 276 162
64 98 334 170
66 102 322 170
66 210 276 130
48 150 210 250
42 218 238 226
42 134 356 218
60 86 348 226
62 110 340 154
60 98 322 186
62 162 362 122
96 198 172 170
82 94 266 186
84 114 326 138
56 158 212 218
64 98 318 186
82 206 246 122
86 122 252 154
76 98 190 258
70 78 268 242
60 142 296 154
42 126 384 234
40 122 336 274
56 214 170 242
98 90 236 202
88 98 236 186
66 74 264 282
98 86 210 242
64 142 230 186
64 118 314 162
40 134 288 266
46 94 372 290
52 186 352 138
56 102 252 242
90 126 146 258
76 90 156 330
76 98 252 194
64 102 322 178
42 126 272 274
54 86 332 258
70 98 290 186
78 98 248 194
90 102 244 170
62 150 268 162
48 126 256 242
90 114 180 226
88 86 316 170
68 98 176 298
58 178 254 170
70 106 324 154
62 102 338 178
68 106 324 162
50 178 264 186
68 162 230 170
102 142 128 258
68 150 326 122
78 150 284 130
86 90 290 162
66 106 336 162
58 182 286 146
96 66 358 226
66 126 318 146
70 106 248 194
68 114 278 170
74 138 144 274
62 122 338 146
54 198 258 170
68 110 152 330
104 122 122 298
94 162 324 98
90 150 294 114
90 90 262 186
48 114 200 330
100 150 110 282
88 86 288 178
84 114 246 170
74 206 276 114
66 198 234 162
58 158 302 146
92 106 156 282
68 90 172 330
70 174 348 106
84 126 234 162
82 178 200 162
84 138 328 114
76 102 276 178
56 94 334 202
78 202 246 130
86 150 340 106
66 182 282 138
60 98 304 194
76 202 274 122
68 154 362 114
94 118 302 130
88 130 324 114
76 230 260 114
90 154 290 114
96 130 314 122
82 150 282 130
108 146 122 250
78 210 228 146
92 218 230 114
100 102 122 346
108 126 124 290
72 214 222 154
100 142 118 282
80 118 160 258
80 122 140 290
92 110 122 330
60 142 282 162
78 82 328 194
94 130 134 274
54 166 274 170
60 174 298 138
62 146 270 162
58 134 282 170
68 174 282 138
84 210 310 90
68 122 286 162
82 174 164 202
98 118 126 306
80 74 362 218
96 118 122 322
56 146 296 162
66 142 312 138
66 194 282 130
56 150 306 154
78 118 294 146
102 118 132 290
104 106 128 322
82 110 136 330
56 138 302 170
46 158 306 194
60 134 302 154
54 162 306 154
70 218 280 114
68 162 284 130
114 178 138 210
46 126 304 226
60 126 308 162
52 166 290 170
62 138 314 146
62 154 312 138
64 178 300 130
78 198 236 138
92 118 150 258
98 94 158 298
66 150 296 138
64 146 302 146
66 174 322 114
80 98 176 274
50 162 256 202
62 162 294 146
62 190 306 122
82 98 174 274
108 86 142 362
126 106 126 322
70 182 358 98
76 98 170 290
84 162 122 258
54 182 306 146
60 198 282 138
66 194 294 122
98 214 138 194
80 146 208 170
122 106 120 338
116 114 124 306
64 142 152 274
50 150 282 194
56 206 250 170
84 210 160 194
112 102 132 322
114 114 120 322
112 110 122 322
48 150 276 202
66 138 272 162
70 170 204 178
96 114 158 250
86 146 120 274
96 110 118 338
100 230 126 202
102 146 158 210
112 86 146 338
120 114 130 298
88 154 134 234
94 202 136 210
104 94 146 322
122 118 124 290
64 106 132 386
78 102 172 274
76 134 142 274
94 130 144 258
92 162 130 234
88 86 192 274
90 78 186 306
100 178 206 130
86 250 150 194
118 98 144 314
102 106 106 378
108 110 128 314
62 118 144 338
60 118 134 370
86 126 154 250
110 130 122 290
96 158 142 226
40 170 320 218
58 206 158 250
108 150 120 266
104 86 154 330
68 102 210 242
88 122 176 226
82 270 164 186
92 102 104 418
102 98 110 394
36 174 208 306
82 254 148 202
76 262 154 210
112 118 130 290
86 94 122 402
106 98 116 378
68 126 136 322
98 142 294 114
92 98 124 362
78 110 106 434
38 142 202 322
84 94 124 394
86 102 104 458
94 86 124 410
78 130 160 242
38 146 240 298
36 150 268 290
102 110 154 282
76 214 144 226
98 122 200 194
88 130 214 178
40 122 234 338
86 118 186 226
94 98 196 234
42 182 210 266
40 170 258 250
44 110 240 330
38 138 226 330
108 202 132 194
40 130 234 330
36 146 250 298
106 198 166 170
84 106 140 314
36 146 326 258
42 130 308 242
40 126 308 258
36 166 190 346
36 202 248 266
38 158 246 282
64 98 250 218
80 238 170 186
88 226 194 154
44 214 150 314
86 106 192 234
80 118 134 314
38 158 336 234
42 130 296 258
86 90 158 314
88 106 240 178
92 94 248 178
88 102 194 234
78 126 168 242
98 170 172 186
46 154 328 194
38 142 274 282
42 130 294 266
40 138 238 306
42 110 272 314
112 162 148 210
94 86 162 314
100 94 138 346
66 126 118 402
82 94 230 210
90 162 246 130
94 134 160 218
48 150 156 314
48 170 320 170
38 158 308 242
38 170 358 218
42 114 290 298
70 86 304 194
62 98 256 226
98 82 158 346
84 98 246 186
72 106 176 274
70 226 146 234
92 158 242 130
72 162 228 162
84 146 132 266
50 186 132 314
40 174 328 210
40 182 368 194
98 118 134 290
110 94 136 346
116 114 114 330
82 106 264 170
94 118 262 146
88 134 138 258
38 178 302 226
46 194 304 178
50 154 312 178
36 134 242 354
58 102 292 202
62 94 256 234
112 90 136 362
66 142 278 154
74 154 226 162
82 126 302 130
92 142 134 258
84 214 136 218
68 206 122 266
42 166 224 266
34 170 316 250
36 134 250 338
36 142 230 354
66 86 308 194
60 86 254 282
110 106 108 362
104 146 214 154
68 138 242 170
40 166 266 242
50 118 294 210
36 166 342 234
70 82 322 202
66 86 306 202
66 66 318 298
94 90 114 410
102 142 244 138
98 158 254 122
68 150 256 154
66 150 268 154
84 122 280 138
40 178 306 218
40 146 370 226
74 78 292 218
100 122 256 138
82 162 230 146
82 118 286 146
78 122 280 146
58 142 316 154
44 154 304 210
38 170 288 242
40 182 292 226
38 174 300 234
82 66 320 258
76 66 372 250
76 70 326 242
78 78 288 218
78 70 308 242
50 90 270 306
52 86 274 314
80 138 114 322
88 118 268 146
106 134 242 138
96 130 258 138
104 130 292 122
88 122 230 170
104 146 234 138
88 122 258 146
96 158 232 130
76 138 286 130
54 146 288 178
54 146 302 170
44 158 300 210
46 90 290 338
52 82 280 338
82 94 122 426
94 74 150 394
70 126 124 330
86 122 272 146
84 106 258 170
108 130 252 138
98 174 262 106
104 170 288 98
98 138 246 138
104 174 260 114
68 134 236 178
70 134 304 138
76 138 118 306
50 138 294 194
68 90 304 194
102 82 134 418
92 98 278 154
78 126 228 178
66 138 300 146
54 182 210 210
40 194 174 314
40 142 292 250
106 74 144 410
110 98 112 378
86 106 256 170
86 150 240 146
92 150 282 122
74 206 252 130
84 150 196 170
82 166 300 114
52 178 236 202
38 202 178 322
66 106 130 402
64 174 146 250
38 166 302 242
54 98 294 218
76 134 118 314
82 98 282 170
108 182 202 138
82 154 238 146
94 150 264 122
100 154 274 106
54 178 162 258
72 90 312 186
44 86 324 338
64 118 136 354
64 110 138 354
86 106 280 154
110 178 198 138
102 174 292 98
98 150 252 130
96 146 288 122
86 126 228 170
86 142 230 154
60 202 240 170
62 106 290 178
106 150 286 114
66 138 118 338
60 186 148 258
36 182 326 226
116 158 194 162
80 218 268 106
92 158 286 114
94 154 282 114
64 110 284 178
64 138 310 146
50 182 272 178
48 186 254 202
58 182 142 266
56 222 158 250
38 178 352 210
90 146 240 146
118 154 204 154
78 214 294 98
80 226 262 114
112 138 296 114
114 146 280 114
90 138 306 114
98 162 284 106
94 146 302 114
92 170 216 146
88 162 256 130
66 122 300 154
52 190 240 194
48 194 248 202
80 118 126 330
112 150 212 154
76 226 282 106
86 210 332 82
110 138 314 106
110 150 278 114
84 138 302 122
66 98 310 186
82 166 280 122
66 130 302 146
84 66 312 258
50 90 350 266
66 98 256 202
82 94 216 226
114 166 188 162
74 222 308 98
86 206 304 90
120 150 304 98
94 138 230 154
92 178 256 114
70 142 292 138
64 146 312 138
58 206 114 290
46 210 146 290
48 174 188 266
66 70 328 266
68 74 308 250
50 142 146 330
98 114 130 306
96 130 122 298
112 186 174 162
108 166 162 186
76 198 290 106
114 150 304 106
70 94 316 186
68 138 324 130
74 154 310 122
70 78 306 234
66 70 330 258
84 126 218 178
108 190 174 162
116 158 152 210
70 194 256 138
84 206 254 114
46 230 168 274
58 202 150 258
62 74 316 282
70 70 326 258
68 70 356 250
104 194 170 170
86 198 252 114
68 210 266 130
94 210 258 98
98 162 204 154
50 230 180 242
40 206 194 282
54 198 174 250
60 74 308 306
78 66 354 258
64 74 342 274
62 126 122 394
74 106 212 218
98 118 208 178
72 170 268 130
96 194 234 114
88 182 286 98
76 190 288 114
84 194 266 114
84 186 288 106
90 206 250 114
94 218 252 106
76 166 274 130
88 214 222 130
92 214 230 122
80 222 248 122
82 206 212 146
102 154 222 138
68 134 330 130
50 218 180 250
56 218 146 266
76 70 306 250
64 70 278 322
98 114 202 194
104 210 162 170
80 174 298 114
68 154 292 130
76 198 278 114
86 198 240 122
110 210 232 106
96 202 226 122
72 170 304 114
84 214 242 122
76 218 260 122
98 194 242 106
102 162 216 146
92 162 260 122
76 162 94 362
66 74 254 290
68 66 292 298
62 130 122 370
112 146 226 138
96 118 214 178
102 114 210 186
68 162 274 146
68 146 290 138
76 158 276 130
78 202 252 122
88 166 248 130
102 206 170 146
108 214 236 106
112 186 214 114
76 170 284 122
82 218 230 138
80 230 236 130
68 210 238 154
96 198 230 122
116 154 260 114
98 194 214 130
106 146 248 130
78 170 92 362
96 114 208 194
102 162 122 250
100 202 196 138
82 202 232 130
100 194 202 130
74 166 276 130
92 230 226 114
68 170 112 306
66 66 312 306
62 118 140 354
106 166 116 266
82 150 306 122
70 198 222 162
78 226 234 138
80 186 252 130
82 190 268 114
100 186 188 146
84 158 286 122
86 154 274 130
92 162 240 130
76 146 220 170
88 226 238 114
64 70 314 290
98 106 190 226
84 154 280 130
78 154 304 122
60 206 236 170
80 210 224 146
86 186 238 130
86 186 306 98
82 182 332 98
80 162 318 114
90 158 266 122
68 66 284 306
58 138 124 370
106 170 146 210
84 198 280 106
82 170 298 114
108 202 156 178
98 202 202 138
82 174 296 114
86 162 282 122
76 142 282 138
92 234 254 106
68 174 102 346
62 78 300 290
62 150 112 378
94 110 188 218
90 114 204 210
74 182 250 138
80 182 304 106
74 178 298 114
86 170 310 106
88 186 258 114
86 210 88 354
58 106 198 290
66 78 322 250
50 150 174 282
88 106 164 266
96 118 156 250
98 118 190 210
96 146 266 130
86 178 218 146
98 130 162 210
86 190 236 130
76 186 302 106
80 186 332 98
116 238 156 154
74 150 286 130
64 138 342 130
80 150 314 122
96 238 100 266
64 214 110 282
74 206 94 346
72 98 216 234
62 110 146 354
94 106 182 250
90 102 156 290
108 166 190 154
98 110 192 210
94 118 178 226
92 134 172 218
100 122 172 226
78 178 232 146
82 194 244 130
80 202 278 106
70 182 320 114
76 162 334 114
84 202 308 98
92 170 176 186
96 174 164 186
72 166 296 122
64 146 344 122
60 134 334 146
58 130 342 146
80 202 226 146
110 158 258 114
92 170 256 122
62 130 334 146
74 154 344 114
58 142 318 146
76 130 162 242
84 238 94 306
104 178 174 170
92 118 206 194
66 202 308 114
86 150 182 194
112 230 128 186
62 142 310 146
82 158 298 122
74 146 342 122
60 146 292 154
66 118 232 202
84 114 178 234
66 138 194 218
102 90 162 298
62 178 310 130
64 226 326 106
56 134 310 162
80 146 338 122
66 110 282 178
106 102 152 290
102 106 180 250
60 202 328 122
66 230 300 114
114 222 164 154
74 130 126 322
74 106 186 250
60 174 216 194
54 218 358 122
60 194 330 122
62 206 340 114
56 222 350 122
122 230 160 154
114 206 158 170
50 146 224 226
66 118 196 234
66 126 122 354
68 166 220 178
68 234 124 258
80 114 210 202
74 138 218 178
58 218 350 114
126 226 160 154
114 222 168 146
64 150 264 162
60 118 214 234
66 170 106 330
68 190 246 154
76 190 258 130
60 194 278 146
132 214 146 170
62 178 252 162
62 166 210 194
68 210 132 250
62 178 268 154
50 170 320 154
134 202 136 186
62 126 228 202
66 146 116 354
74 178 242 146
64 154 198 202
62 174 204 202
70 158 214 178
86 118 276 146
66 166 274 146
74 218 246 130
58 138 222 210
70 126 108 450
50 110 286 242
78 158 250 138
72 214 272 122
70 202 270 130
72 198 266 130
68 134 316 138
76 98 284 178
82 126 208 194
56 162 184 242
64 242 94 306
76 198 94 346
72 234 282 106
66 238 258 146
72 206 290 106
72 190 264 138
62 126 316 154
66 154 292 138
56 106 300 202
50 146 234 218
96 146 180 194
54 90 318 250
76 182 236 146
62 230 96 338
74 226 96 306
74 186 276 122
60 122 342 146
56 118 276 186
62 134 322 146
62 138 234 186
50 154 210 242
58 166 220 194
88 182 226 130
72 166 260 146
60 226 104 290
78 186 256 130
64 98 296 194
64 142 260 170
68 166 200 194
74 158 170 218
72 154 194 194
76 182 282 122
84 134 370 114
68 130 360 130
56 118 352 162
66 94 318 186
72 154 160 234
78 170 240 146
56 150 218 218
58 146 244 186
48 126 252 250
56 154 220 210
64 126 254 178
64 138 232 186
88 146 176 202
48 138 162 314
74 98 244 210
76 102 312 162
68 94 344 178
70 90 288 202
60 130 250 186
60 154 198 210
68 134 246 170
58 166 206 218
92 178 168 186
64 146 254 170
72 154 376 106
80 158 364 98
64 86 366 210
52 98 262 266
70 166 164 226
58 134 250 194
60 150 254 178
76 106 264 178
64 138 252 178
62 234 96 306
72 210 94 354
82 134 374 114
82 142 354 106
44 154 226 258
74 158 154 234
56 186 182 234
72 218 98 306
74 218 92 354
84 130 362 122
68 98 292 194
102 110 156 266
56 158 186 234
62 158 260 170
66 142 238 178
70 162 208 186
70 110 270 178
118 214 82 410
74 62 372 266
42 202 362 154
92 270 250 106
102 270 280 90
88 54 380 298
86 110 320 138
84 118 236 170
112 194 82 450
112 246 82 410
50 98 186 434
38 234 240 234
90 78 176 330
110 242 84 338
124 178 128 218
46 206 298 178
106 178 282 98
48 86 288 346
74 86 390 186
58 90 174 466
88 106 272 154
76 134 354 122
40 146 178 370
40 138 180 370
44 94 308 330
70 114 266 178
72 186 222 162
86 70 252 250
60 218 170 234
92 110 376 130
56 86 194 394
50 110 188 394
122 182 118 226
108 58 214 330
56 206 386 122
36 206 378 218
100 198 90 322
60 66 254 434
116 234 142 170
94 102 276 154
70 94 156 354
116 162 172 178
82 118 144 282
78 230 86 354
62 162 230 186
58 106 154 386
96 138 248 138
52 118 194 282
78 62 322 282
92 74 352 186
56 86 274 266
94 130 124 290
68 246 234 154
76 266 156 202
110 254 78 354
58 106 140 442
38 118 366 274
132 202 152 170
88 70 286 234
50 82 248 386
54 82 218 402
58 98 162 450
94 146 320 106
60 102 164 354
74 254 236 138
112 178 218 114
76 86 222 242
50 178 162 274
52 86 200 458
60 114 342 162
90 134 112 298
84 154 300 122
92 146 322 106
34 138 362 298
38 110 292 394
34 142 258 322
34 150 258 314
34 130 320 330
34 134 304 322
38 162 222 298
36 150 234 314
42 106 272 338
38 126 318 290
36 190 250 266
58 198 354 114
62 222 174 210
42 158 220 274
56 174 250 178
42 198 286 210
100 118 110 346
48 238 260 186
64 182 266 146
66 238 200 178
44 218 184 258
60 238 298 130
44 218 318 170
42 214 344 162
64 198 216 186
72 222 286 106
46 194 250 210
48 186 320 162
60 178 312 130
70 86 300 202
74 98 274 186
108 150 132 234
82 106 162 282
96 126 332 122
88 82 326 178
50 170 236 210
56 170 282 162
78 122 134 306
50 170 232 218
74 182 160 218
104 126 120 306
90 194 256 122
64 202 264 146
64 198 298 130
118 110 126 314
90 86 140 378
74 118 120 354
96 94 234 202
64 130 116 410
40 110 276 354
104 110 150 282
88 102 128 362
52 134 286 186
70 94 328 178
96 70 156 370
76 146 236 162
110 142 278 122
88 98 260 170
110 134 256 130
36 178 314 242
80 106 146 322
100 90 124 402
86 102 318 154
114 154 216 146
64 198 224 170
62 218 258 154
66 102 260 194
68 214 258 138
98 194 230 114
62 110 138 378
92 186 250 122
104 218 164 162
110 130 228 154
72 162 266 138
100 174 200 146
78 174 300 114
102 122 170 226
84 182 250 130
92 206 262 106
108 230 152 162
94 98 208 226
84 182 238 138
96 186 232 122
80 154 340 114
58 130 282 178
124 226 142 170
70 154 224 170
62 234 270 146
74 110 316 154
84 98 304 162
52 194 248 178
70 102 258 186
60 206 144 258
70 74 398 234
78 110 284 154
46 114 184 434
50 106 180 418
40 230 262 210
40 134 192 362
40 110 290 346
72 166 360 114
62 210 170 218
46 86 238 402
102 146 276 122
94 74 316 210
54 82 296 274
82 274 142 202
114 246 82 370
66 158 108 346
56 78 212 410
52 110 172 386
72 250 262 130
40 114 240 386
64 118 356 138
32 154 228 370
38 186 232 274
54 194 342 130
62 230 168 218
48 174 256 202
62 182 286 138
70 94 292 194
48 130 214 266
88 142 146 234
94 226 136 202
94 90 132 370
104 70 154 386
86 58 282 314
110 142 238 146
64 238 260 146
64 210 270 138
48 90 340 306
92 190 248 122
96 190 280 106
100 166 206 138
96 170 176 178
60 134 294 162
66 102 344 162
66 222 96 394
52 186 262 178
50 110 176 434
42 230 296 186
38 110 312 338
64 226 188 202
60 126 122 410
96 74 308 210
48 114 178 426
108 182 216 122
58 86 334 234
64 118 336 154
60 122 354 138
42 150 282 242
34 142 242 378
58 210 176 226
56 210 174 234
78 114 150 290
46 162 246 226
62 190 262 154
68 90 318 186
88 110 130 330
106 134 186 194
74 158 126 282
84 174 262 130
60 150 234 194
48 198 126 322
86 54 404 298
52 206 232 186
46 230 288 178
84 54 234 402
86 54 220 394
94 74 344 186
54 94 192 434
106 186 220 122
56 154 354 130
70 90 344 178
72 86 288 202
102 126 194 194
86 178 236 138
48 214 142 306
58 218 146 258
52 202 110 370
48 198 150 290
96 70 342 202
96 66 378 210
52 178 356 138
58 162 344 138
54 166 338 146
110 142 212 162
76 126 116 354
68 126 128 330
58 186 104 378
48 214 166 274
40 178 174 330
74 234 210 162
54 122 142 466
56 134 124 434
94 70 350 202
98 62 376 226
88 70 360 202
52 170 354 146
52 190 332 138
48 174 348 154
66 170 328 122
112 146 178 194
78 118 132 322
68 130 176 234
60 198 102 386
48 166 154 314
88 54 222 378
96 62 384 226
92 70 356 202
84 58 184 434
80 54 238 458
62 166 252 170
48 166 346 162
56 158 344 146
70 214 200 178
108 138 176 202
68 94 138 426
92 102 116 386
42 202 168 298
38 162 192 330
84 54 250 362
90 82 338 170
84 66 380 242
82 50 268 474
48 178 322 162
46 174 340 162
50 150 336 170
56 166 346 138
50 154 324 170
82 130 158 242
66 150 152 258
38 206 184 306
40 102 320 338
56 126 130 426
70 62 214 418
102 50 224 482
50 206 322 146
58 110 148 402
66 106 122 418
82 102 130 362
68 106 166 298
62 218 130 266
42 202 194 274
44 150 142 426
90 54 210 402
48 158 282 194
44 190 294 186
84 102 122 378
46 190 132 338
38 154 198 354
50 206 196 226
56 146 114 434
54 150 120 426
42 142 160 426
72 90 138 426
46 174 284 194
100 174 156 194
68 118 128 338
82 90 128 386
78 86 134 410
80 94 130 394
70 114 122 354
72 126 112 378
50 194 116 386
58 150 112 442
88 174 174 186
70 130 110 442
66 118 138 338
76 114 132 338
86 86 134 394
76 78 156 442
70 126 112 394
56 222 102 354
80 82 140 410
74 170 162 218
68 94 150 362
86 98 120 394
92 86 152 346
80 118 120 346
78 90 128 426
82 86 130 434
82 106 138 338
80 90 142 378
56 98 172 426
86 114 122 346
46 186 134 346
52 134 132 442
46 170 264 202
78 154 180 202
98 142 180 194
64 106 144 370
76 106 116 402
80 98 126 410
76 82 148 418
76 130 110 362
76 122 126 338
44 178 140 362
42 174 140 378
56 162 128 314
54 126 142 426
92 54 248 354
68 98 140 386
46 142 260 226
52 178 244 194
86 174 198 162
80 198 156 202
102 162 154 202
66 106 134 370
62 130 132 346
84 82 138 442
92 102 124 354
78 158 144 234
50 142 160 314
56 206 110 298
58 206 130 274
60 170 108 354
52 142 134 418
90 54 272 338
68 198 166 218
72 138 160 242
92 150 164 210
60 178 156 258
58 142 122 378
100 50 252 410
46 162 272 210
64 178 222 186
70 186 196 186
80 122 176 234
78 142 164 234
92 94 122 386
96 122 92 442
66 150 160 242
64 146 116 370
62 130 120 394
104 50 248 402
88 54 242 370
48 154 300 194
92 190 178 170
68 150 154 250
68 194 168 218
62 190 234 178
82 174 148 218
92 98 122 370
80 118 114 378
100 134 88 426
84 70 150 498
64 162 114 330
44 142 344 210
58 174 164 250
64 174 224 186
84 106 122 354
78 122 102 442
68 130 174 242
60 162 144 282
60 158 110 378
44 154 332 202
42 158 354 202
74 186 158 218
76 178 186 186
64 206 212 186
68 166 96 378
58 158 114 418
64 150 120 354
48 94 326 274
46 166 362 170
68 186 186 202
60 182 194 218
64 122 238 194
78 74 158 482
78 78 156 426
66 166 96 402
72 146 108 354
42 102 328 298
50 86 330 306
44 174 346 178
76 198 162 202
68 170 212 186
66 202 196 194
64 170 172 234
112 134 92 402
44 166 322 186
64 186 218 186
68 190 202 186
84 174 164 194
96 206 144 194
112 130 94 394
114 126 92 426
70 90 152 402
44 166 298 202
42 138 312 234
42 134 332 234
66 186 236 162
98 198 156 186
106 138 90 410
68 94 148 370
82 82 140 402
76 86 152 378
44 110 252 314
42 114 240 322
42 146 346 210
40 182 348 202
42 146 308 234
60 162 212 202
78 154 188 194
102 194 156 186
102 138 92 410
64 106 142 378
80 78 152 410
74 162 92 410
92 58 268 298
40 146 330 242
42 166 298 218
40 158 300 242
66 138 246 178
64 130 234 194
72 194 192 186
72 154 102 362
108 138 108 314
92 82 134 466
42 114 232 378
70 166 98 362
88 58 278 298
38 138 318 258
40 118 296 298
94 138 90 426
72 90 152 394
86 66 180 394
60 122 272 186
72 174 96 362
54 142 290 178
40 118 316 282
64 106 260 186
90 174 190 170
62 106 134 410
92 78 136 522
80 126 100 410
104 70 270 234
46 134 250 250
52 106 284 234
68 102 256 194
94 186 180 162
90 142 92 402
58 110 142 410
96 82 136 458
88 82 192 282
46 170 332 178
42 134 284 250
48 126 260 234
40 150 280 250
48 134 274 226
46 126 306 218
98 142 94 386
52 130 160 314
72 122 226 194
74 98 156 330
48 162 348 170
46 138 242 250
44 150 276 234
50 110 262 250
60 118 294 178
50 122 320 194
100 62 164 418
60 118 188 258
86 98 210 234
80 78 196 282
88 70 172 354
40 154 272 250
52 150 242 210
50 122 238 250
46 114 342 226
92 198 92 322
80 102 128 370
62 114 282 178
70 118 228 202
52 150 222 226
42 110 270 338
44 114 324 250
48 102 374 242
52 102 330 218
100 194 92 322
100 202 136 202
60 126 288 170
76 70 220 290
82 90 222 234
84 110 158 290
52 146 226 218
50 150 212 242
46 154 274 210
58 150 200 226
52 106 304 218
54 126 290 186
80 106 196 226
76 106 174 274
120 214 100 258
108 230 92 290
74 102 156 314
74 106 196 242
86 78 242 234
94 86 194 266
52 162 236 210
60 154 218 202
48 162 234 226
58 166 174 250
78 110 196 218
72 110 196 234
92 110 212 202
110 198 148 186
66 138 294 154
74 118 140 314
40 110 312 314
44 102 344 282
44 102 356 274
80 98 236 202
96 138 96 370
62 94 254 242
84 154 136 234
72 66 244 314
94 90 186 266
44 154 214 274
44 106 350 274
44 106 360 258
88 102 206 226
88 86 224 226
90 250 100 266
82 154 172 202
92 74 272 226
88 162 132 234
68 90 262 226
92 110 162 266
80 62 230 314
92 70 242 258
42 118 328 242
88 86 230 218
100 82 244 210
68 142 122 322
94 254 110 226
98 242 90 290
94 158 98 322
80 154 148 234
64 114 236 210
74 102 152 330
78 66 204 354
84 150 142 242
90 70 250 258
42 122 316 266
44 118 286 266
88 94 252 194
82 98 228 210
68 134 116 346
100 266 92 266
98 238 94 290
58 182 128 290
86 218 92 314
96 166 96 322
66 138 158 266
74 102 176 282
46 110 350 226
80 110 206 210
64 154 120 330
70 142 114 346
92 142 96 378
64 174 166 234
98 210 92 314
42 130 200 346
70 122 168 258
94 166 142 218
86 146 138 242
66 98 220 242
44 110 310 266
42 114 366 250
42 126 232 314
84 118 202 210
70 150 120 322
112 250 86 298
68 174 172 218
72 182 148 234
80 162 118 274
80 182 134 234
58 122 198 250
52 110 194 330
102 182 160 186
44 126 368 210
110 242 94 282
72 142 126 306
76 182 128 250
72 190 130 250
54 122 192 266
56 90 196 354
74 74 224 282
74 90 274 194
92 54 226 370
82 66 198 330
88 130 156 242
56 182 152 266
50 150 220 234
68 166 116 298
72 174 132 250
68 174 120 282
102 190 134 210
106 234 88 314
62 170 192 210
66 178 156 242
62 182 146 258
72 174 126 266
98 62 292 274
94 66 210 306
94 62 218 314
74 118 162 266
86 118 142 282
90 102 170 266
54 130 328 170
104 170 148 210
90 182 144 210
98 182 138 210
60 158 182 234
62 178 186 218
62 186 228 186
68 182 130 258
66 190 142 250
66 170 174 226
74 150 142 258
56 186 170 250
66 162 154 250
76 158 116 290
60 94 258 234
70 150 194 202
100 62 284 274
90 50 298 346
76 102 188 250
76 114 198 226
52 142 334 162
92 182 162 194
72 174 118 290
64 186 138 258
66 218 130 250
60 194 168 242
72 158 110 306
70 158 192 202
84 90 202 250
78 106 228 210
84 130 178 210
44 146 342 202
46 162 332 186
46 150 330 194
82 186 108 282
44 170 220 258
50 134 226 250
72 182 156 226
68 174 144 250
74 206 108 274
62 198 138 258
70 178 162 226
64 166 184 226
68 198 162 226
72 182 140 242
94 62 260 282
94 102 192 242
38 166 340 226
46 158 338 186
50 146 344 170
82 154 102 322
70 202 120 266
68 194 104 306
86 166 100 322
82 186 114 258
46 150 198 282
66 190 210 186
64 86 310 234
80 74 256 250
68 118 230 202
78 94 224 234
76 66 242 290
94 66 256 274
40 178 350 202
52 134 312 178
82 230 136 218
80 118 168 250
82 150 144 242
76 146 114 322
66 162 222 186
42 178 330 202
86 154 114 290
82 218 160 194
74 166 120 282
80 166 118 266
88 98 156 306
80 106 182 258
64 178 232 178
64 82 278 242
68 74 246 290
100 166 154 202
62 230 128 266
84 234 116 242
76 154 108 330
72 174 130 258
76 190 140 234
64 170 234 178
78 78 270 226
76 82 288 202
64 74 268 314
76 66 266 274
66 70 278 290
80 154 98 354
72 202 118 258
76 222 96 290
78 206 132 234
80 194 148 210
74 74 312 242
68 150 210 202
68 78 274 250
70 74 222 306
74 66 252 298
70 74 244 290
78 66 238 298
64 74 282 298
80 70 228 274
96 258 100 258
94 230 106 266
74 210 140 234
74 230 138 234
82 194 138 226
78 206 136 226
80 70 216 290
70 82 262 250
82 74 192 330
74 74 290 258
82 62 286 282
62 74 302 306
74 66 268 290
84 90 238 210
100 262 108 234
92 238 108 266
96 242 108 258
70 190 124 266
72 190 122 266
100 214 134 202
68 214 150 234
82 222 128 234
74 186 144 234
72 66 258 298
74 74 220 314
64 74 310 282
70 70 268 274
80 74 236 258
80 70 226 282
66 110 166 306
72 102 196 250
96 178 98 314
98 274 106 218
100 246 134 194
92 262 96 274
82 162 96 354
78 202 110 282
74 198 120 266
96 230 130 202
80 202 114 250
72 222 146 234
74 206 162 210
72 214 190 186
76 182 134 242
68 150 212 194
80 66 204 322
88 182 102 306
92 186 92 354
98 266 124 202
90 254 98 274
98 222 114 218
78 214 126 242
92 230 176 162
78 202 152 210
72 230 164 210
68 194 198 194
78 190 164 202
80 190 130 242
80 178 130 250
86 202 104 290
72 138 218 186
70 138 206 202
72 78 256 250
60 90 222 274
70 66 286 298
80 62 288 290
70 86 278 218
88 98 222 218
76 106 192 242
84 114 168 250
96 190 110 274
104 222 132 202
94 242 104 266
86 234 106 282
90 254 108 258
104 230 132 194
80 158 90 434
108 218 108 234
100 206 142 194
114 194 112 242
88 218 196 154
76 222 156 210
76 234 180 186
70 178 188 202
78 210 114 266
90 202 110 274
72 74 240 282
60 94 240 258
74 110 166 282
74 66 314 282
90 198 104 290
112 170 104 282
88 206 100 306
98 182 94 338
104 238 106 242
88 242 104 282
86 246 112 258
88 246 110 258
102 214 110 258
92 222 112 242
96 234 122 226
104 214 108 250
74 150 96 402
80 238 126 234
88 202 180 170
92 250 142 186
64 170 154 250
62 102 218 258
74 78 252 258
74 86 276 210
76 78 246 266
68 118 142 330
90 194 100 298
112 174 100 282
108 222 96 282
82 150 108 330
96 182 114 266
116 206 114 234
104 238 108 234
90 198 160 194
86 230 218 138
68 166 216 186
66 138 212 202
60 130 206 234
44 102 248 370
82 78 266 226
76 86 284 186
70 86 264 226
70 102 150 338
100 178 102 298
112 190 98 290
104 242 104 250
80 142 110 330
120 206 120 218
96 190 154 194
88 234 184 162
94 238 210 130
108 242 164 138
86 250 188 162
94 214 210 138
96 234 192 138
64 170 226 186
64 154 222 194
48 102 228 338
80 78 226 258
90 78 300 202
68 98 308 186
72 90 164 330
76 134 114 330
94 210 140 194
130 230 104 234
90 214 180 162
82 250 208 154
82 258 156 194
94 206 222 130
92 242 160 170
96 226 204 130
68 190 218 178
76 154 218 170
88 174 236 130
72 158 198 186
58 90 212 330
82 74 248 250
84 78 306 194
86 82 266 218
106 222 100 258
110 210 118 226
110 194 98 298
100 210 112 250
102 210 98 290
106 194 106 266
106 226 106 250
90 198 150 202
92 226 150 186
98 154 130 258
128 218 98 250
108 186 132 218
96 198 158 186
82 242 180 178
108 262 118 186
114 238 162 154
106 202 174 162
94 250 198 138
76 246 150 218
92 234 172 162
92 226 224 122
94 250 222 122
80 154 222 162
74 134 212 194
68 150 218 186
98 106 238 170
68 126 274 162
78 138 224 162
66 118 172 266
70 106 180 274
78 90 214 258
72 118 220 202
78 78 320 210
66 114 144 338
64 82 234 298
62 94 242 250
100 202 102 282
92 230 170 170
72 242 160 218
96 262 128 202
102 254 132 186
94 246 134 202
116 250 138 170
110 242 132 186
110 246 130 186
104 242 184 130
90 230 206 146
98 250 178 146
72 222 154 226
88 234 192 154
96 242 154 178
88 214 164 178
92 234 206 138
98 258 218 122
86 142 222 162
102 118 230 170
102 114 234 170
78 114 250 178
78 146 226 154
76 170 244 146
90 138 232 154
70 122 210 210
66 78 210 330
56 90 240 298
68 94 158 338
62 118 238 218
100 230 96 274
92 218 106 274
100 218 100 290
108 218 142 186
114 194 144 194
94 234 136 194
84 242 150 202
92 238 128 218
100 238 120 202
110 242 134 178
94 210 214 138
74 202 150 226
88 242 174 170
88 226 136 210
84 194 172 186
98 194 158 186
100 250 138 186
90 222 208 146
100 234 200 130
80 118 216 194
90 126 216 178
94 122 212 186
66 82 196 330
72 142 134 290
96 210 110 266
102 170 136 218
120 230 122 194
96 226 160 170
94 242 124 218
102 262 128 194
86 238 208 146
78 250 188 178
98 238 168 162
98 202 140 202
82 242 192 170
90 230 214 138
102 266 168 146
98 234 170 162
84 114 216 194
86 114 226 186
100 122 250 154
82 138 244 154
68 130 248 178
84 106 136 330
80 98 130 378
62 90 224 266
66 206 160 234
100 226 176 162
110 262 136 170
110 250 128 186
84 226 170 186
98 242 178 154
110 254 122 194
108 258 108 218
86 230 226 130
108 198 128 210
74 234 170 202
106 258 200 114
106 254 158 154
90 266 178 162
112 246 162 154
100 222 164 170
102 222 184 138
100 250 170 154
88 106 216 210
84 114 282 154
92 114 252 154
98 166 230 130
48 118 284 234
62 90 234 258
70 82 224 282
96 194 134 210
78 206 150 218
68 194 146 242
88 206 174 178
106 222 154 178
106 234 162 162
118 234 104 234
100 274 128 186
116 250 98 242
100 270 128 194
98 218 134 202
116 210 128 194
78 230 160 202
110 246 190 122
104 238 140 186
104 210 158 178
100 238 174 154
100 230 146 186
98 222 204 130
98 202 192 146
96 250 190 146
62 126 198 234
78 134 226 170
86 130 224 170
76 122 214 194
94 134 222 170
94 150 254 130
96 170 206 154
102 174 226 130
82 150 196 178
100 170 198 154
46 130 298 226
62 78 214 346
80 82 156 394
60 82 298 258
98 162 140 218
86 258 144 202
84 246 142 210
100 246 140 186
88 274 138 202
90 282 142 194
122 246 96 258
88 222 146 194
106 230 134 186
124 202 118 218
114 222 118 210
116 194 136 202
94 226 164 170
114 190 152 186
102 218 166 170
102 226 168 162
88 222 210 146
98 230 186 146
62 150 196 226
96 186 140 218
90 102 292 154
80 110 262 170
84 134 202 194
82 134 268 146
102 122 244 154
86 106 238 186
102 110 234 186
98 110 220 194
84 130 292 130
72 142 210 194
88 130 252 146
108 174 222 130
100 170 252 122
106 170 182 170
42 154 300 234
58 82 214 362
90 66 160 394
76 86 162 346
66 86 278 234
124 214 88 306
118 234 110 226
90 282 132 218
98 290 164 162
74 254 156 218
100 234 158 178
84 226 156 194
108 210 148 186
110 210 154 178
128 202 100 274
122 222 116 202
100 210 132 218
112 222 120 210
114 198 134 202
102 226 148 186
104 206 166 170
98 238 156 170
50 134 168 298
82 182 190 178
94 106 320 146
90 98 330 154
88 102 266 162
84 102 244 186
84 118 282 146
82 90 252 210
98 90 250 186
82 126 286 138
94 142 262 138
96 142 276 130
38 146 332 250
60 78 224 338
90 62 174 410
92 70 164 370
86 66 188 370
84 74 168 362
86 110 168 266
76 102 200 242
88 186 154 202
94 210 194 154
124 206 84 338
122 234 92 282
100 266 146 170
84 246 196 162
98 218 150 186
86 222 146 202
106 230 146 170
130 190 130 210
128 218 114 218
112 242 122 194
114 218 118 218
118 206 128 202
120 214 110 234
102 190 158 186
92 206 158 194
84 206 146 218
112 194 150 194
52 138 156 298
52 142 202 250
80 82 306 194
82 110 240 178
98 166 184 178
104 158 184 170
42 142 346 226
94 90 140 362
70 78 176 370
92 86 156 338
60 86 218 330
60 78 276 306
76 106 164 290
86 86 154 346
122 226 88 314
104 246 158 162
106 206 130 210
98 226 132 202
92 214 162 186
98 230 172 162
126 190 122 218
120 226 124 194
102 190 172 170
92 210 164 178
100 130 190 202
62 110 182 290
102 142 216 162
76 138 280 146
108 150 226 146
96 142 166 202
58 114 306 186
88 58 202 426
80 98 156 314
84 82 140 386
92 54 218 378
100 102 136 322
100 130 156 234
108 238 190 130
106 214 112 226
128 170 124 234
122 182 130 218
114 226 140 186
86 218 158 194
92 218 146 194
68 114 208 226
48 146 160 322
124 162 186 162
64 130 160 274
74 126 310 138
68 114 244 194
102 142 158 226
98 134 196 186
92 142 186 194
90 138 170 218
76 102 148 338
94 86 136 386
86 86 144 362
80 90 144 370
86 98 158 298
64 90 172 354
70 58 248 442
106 126 164 234
92 210 204 154
112 210 110 242
88 218 152 202
96 210 178 162
114 158 198 162
60 126 134 354
68 130 166 258
72 118 292 162
80 134 290 130
86 158 150 218
106 154 148 218
100 158 204 162
78 90 136 386
92 98 136 338
84 102 138 338
84 62 224 314
96 58 256 314
64 62 274 458
66 74 208 362
112 174 178 162
106 206 104 258
50 154 164 298
58 138 250 186
64 118 130 394
62 126 170 274
78 118 270 162
88 138 278 138
94 174 168 186
94 162 188 178
82 178 162 202
96 62 162 450
80 90 134 394
96 110 104 378
84 90 152 338
86 66 228 290
98 102 152 306
88 110 142 306
86 74 176 338
110 194 184 138
116 178 170 162
54 118 160 330
82 122 274 146
78 142 344 122
92 170 202 162
70 142 220 186
70 174 152 234
90 118 100 394
80 70 200 338
94 74 190 322
102 126 168 234
96 126 186 218
102 106 182 242
110 202 178 146
110 202 166 154
108 158 162 194
116 186 164 170
118 198 182 154
84 94 178 282
86 78 174 346
72 102 180 282
78 118 178 242
50 126 188 282
58 146 120 370
84 158 164 210
70 130 258 162
80 106 328 146
70 182 134 250
86 142 148 234
68 78 172 410
88 74 160 370
90 106 158 282
70 78 182 362
88 62 194 346
82 66 210 314
102 126 152 242
98 98 186 242
110 194 156 178
120 186 150 194
116 194 146 186
76 146 142 266
98 230 110 250
78 102 162 290
80 106 184 250
94 102 206 218
86 86 328 162
72 70 218 346
94 130 96 410
76 74 194 338
82 126 148 266
110 90 182 282
106 194 166 178
118 202 176 146
112 190 154 186
86 86 168 322
66 106 164 314
54 106 206 298
58 198 156 258
60 110 142 402
82 82 320 186
86 142 196 178
94 146 158 226
74 186 128 258
80 166 130 258
84 58 210 386
104 54 196 450
84 118 118 354
60 102 142 418
96 90 160 306
106 202 148 194
114 206 146 186
116 186 152 178
112 182 172 170
42 182 140 346
64 178 160 242
60 110 150 370
38 174 206 298
84 138 222 170
92 146 160 218
90 154 162 202
88 70 186 346
74 70 226 330
60 98 154 434
90 82 186 274
100 114 148 266
94 138 148 234
86 106 176 258
104 226 152 178
116 178 160 186
118 166 154 194
116 166 176 170
114 214 150 178
88 146 116 290
68 106 202 250
40 166 198 298
56 178 194 226
90 142 162 226
72 130 224 186
90 142 216 170
96 66 172 378
88 82 166 346
68 78 200 338
66 86 154 418
88 82 186 306
78 94 150 338
88 82 196 274
82 78 216 266
102 74 188 314
82 94 208 250
98 114 142 290
78 106 184 258
86 154 132 242
104 162 156 194
126 182 168 162
118 146 178 186
114 146 184 186
72 98 174 298
60 190 110 346
82 102 156 298
72 158 120 298
78 90 162 322
64 126 164 282
88 142 168 210
92 162 152 210
98 78 148 394
78 70 186 370
64 82 192 362
90 86 158 338
86 74 216 266
98 70 180 338
94 82 170 330
100 114 140 298
88 102 134 338
102 126 122 298
80 110 162 274
82 142 142 250
74 122 168 250
102 166 166 194
106 154 186 178
106 142 158 210
112 170 174 178
58 202 102 338
82 130 122 306
88 122 126 314
86 82 172 322
56 122 160 314
88 154 156 210
92 154 158 202
102 78 140 426
98 82 134 442
84 62 208 330
82 66 194 346
100 66 240 282
90 78 162 354
96 74 186 330
90 102 132 346
98 118 138 282
100 118 118 330
78 106 186 242
96 166 128 234
78 122 176 242
76 110 156 298
66 162 144 266
74 74 228 274
48 122 206 290
48 146 156 330
84 158 168 202
86 142 166 226
84 58 214 378
86 66 186 378
70 78 188 354
68 82 190 338
60 90 198 330
66 86 158 410
68 78 194 370
100 62 244 290
74 90 170 322
98 102 138 330
96 170 136 226
82 122 182 226
68 154 146 258
68 82 212 298
90 86 178 298
68 110 192 250
44 102 268 314
50 150 166 306
40 190 176 306
42 138 196 338
88 166 164 202
78 70 208 338
72 70 202 370
90 70 198 314
100 58 222 330
104 122 132 282
100 126 136 274
70 138 162 250
66 98 186 290
38 142 182 386
44 134 178 338
42 154 164 338
46 210 140 322
76 174 146 234
64 170 146 258
54 126 164 290
44 118 218 330
44 102 288 298
42 110 260 362
72 110 166 290
62 162 134 290
50 130 170 306
72 154 220 178
74 150 192 194
94 70 204 298
112 110 140 306
100 118 130 298
90 114 128 322
64 142 158 266
62 114 184 266
36 142 224 362
40 134 190 386
38 134 208 394
36 150 186 394
42 134 220 314
44 146 172 338
62 214 98 322
76 182 144 234
64 178 170 226
72 102 164 306
82 82 162 354
60 138 144 306
54 130 182 274
58 126 168 282
48 106 224 322
70 114 216 218
38 186 162 370
54 134 144 338
40 134 226 338
54 186 226 202
50 174 268 186
80 142 218 170
74 150 208 186
88 58 214 354
86 106 132 322
90 130 134 282
56 126 178 274
40 130 230 354
42 118 216 386
44 134 170 354
36 146 190 378
36 142 212 402
66 222 108 298
76 110 164 282
80 134 224 162
70 170 228 162
42 142 174 362
34 146 232 354
46 146 196 290
66 106 186 282
56 146 208 234
48 150 176 290
48 154 158 306
62 214 214 186
70 206 220 170
72 190 184 194
36 142 256 314
84 122 256 154
86 138 190 194
74 166 216 170
66 166 220 186
66 154 228 186
94 138 108 322
64 78 218 330
60 74 244 322
38 166 176 370
44 150 156 362
40 142 190 362
70 150 152 250
78 110 138 330
74 102 144 354
78 98 208 250
40 170 186 322
50 142 190 274
72 206 200 178
80 206 202 162
52 130 172 298
86 130 236 154
78 122 278 154
90 146 186 194
62 150 210 210
80 166 200 178
58 154 236 194
96 138 106 330
66 170 166 234
74 126 216 194
48 122 192 330
36 154 198 370
38 122 280 346
70 142 158 242
78 98 152 330
66 110 134 354
38 158 192 338
38 182 176 330
66 198 164 226
74 206 188 186
84 214 198 162
52 154 166 282
78 130 264 154
68 150 288 146
78 142 192 194
66 134 202 218
64 110 196 258
58 114 196 274
60 102 264 210
64 106 192 266
58 130 172 274
36 158 190 362
40 110 270 370
48 186 122 370
64 98 158 338
38 190 160 370
38 170 170 354
46 158 200 274
34 174 232 306
54 146 188 258
66 214 180 210
82 214 210 154
78 214 184 186
74 214 182 194
84 222 192 170
86 126 200 210
76 146 274 146
74 126 294 146
76 126 290 146
64 142 286 154
86 126 180 226
82 150 188 194
80 70 210 314
40 146 196 354
38 150 198 362
38 126 252 394
38 122 272 378
36 122 304 338
42 186 138 370
56 154 138 314
66 90 180 330
42 202 154 338
44 186 136 370
36 186 176 370
36 178 202 314
50 142 214 250
52 146 178 282
54 206 166 250
78 222 178 194
58 166 182 242
84 146 246 146
70 162 236 162
82 122 310 138
82 70 200 322
48 110 192 378
50 94 250 322
38 110 294 362
38 114 314 322
56 158 130 322
44 162 150 354
38 158 156 378
40 174 146 370
66 106 170 298
64 118 142 346
68 114 142 346
72 106 130 378
52 134 166 298
36 170 220 314
48 162 134 362
42 146 222 290
58 194 172 242
50 158 162 298
58 178 204 218
72 146 226 170
74 178 228 154
72 130 322 130
62 130 192 234
50 110 248 258
52 90 242 322
76 118 248 178
74 118 230 186
80 66 200 370
90 82 184 314
38 114 284 394
40 102 304 346
50 178 122 354
42 146 162 370
42 166 154 370
44 130 162 402
54 146 144 314
66 110 168 290
68 106 124 394
58 122 172 290
48 162 174 290
38 166 182 346
38 162 208 306
40 170 168 338
40 158 194 314
62 194 178 226
56 142 148 306
44 170 182 290
62 154 196 218
54 178 198 234
82 134 216 178
72 126 256 170
70 146 248 162
74 110 278 162
70 126 312 146
64 118 186 250
52 114 256 234
72 122 278 162
86 86 198 274
90 78 210 274
72 74 190 370
46 94 280 346
44 94 304 346
42 178 144 354
54 190 112 362
48 118 170 434
50 142 152 322
52 114 170 362
66 102 192 274
66 106 148 346
64 106 184 290
64 126 168 274
34 178 178 354
34 174 204 314
34 170 242 314
42 158 158 346
40 186 164 330
48 122 200 314
56 122 208 258
54 154 188 250
58 206 172 234
42 194 158 314
50 130 162 346
52 154 142 314
80 130 242 170
86 150 192 178
82 126 238 170
74 162 242 154
72 126 288 154
78 106 292 170
72 130 286 154
66 130 228 194
74 126 182 234
70 118 186 234
48 94 254 346
58 94 256 250
94 78 216 258
84 66 218 298
72 106 158 306
64 82 202 346
78 98 166 306
44 106 266 338
54 138 130 370
54 114 162 394
52 150 168 274
54 106 178 386
50 146 130 426
50 122 160 378
62 126 166 282
64 94 134 458
54 146 124 354
36 158 222 354
32 182 202 370
36 158 230 314
38 174 180 346
58 174 180 242
72 102 282 178
62 114 252 194
82 98 152 322
74 98 160 322
60 142 120 410
54 186 112 394
56 150 174 258
48 110 186 426
56 102 172 410
60 110 132 426
68 98 120 458
62 90 156 466
80 94 210 250
62 142 120 362
58 134 128 378
62 166 108 370
50 158 130 394
48 142 188 290
52 134 180 290
62 118 148 330
82 130 244 162
74 86 264 218
58 126 246 202
72 106 148 322
84 118 136 306
42 122 292 282
52 154 180 258
54 170 168 266
56 118 186 266
66 114 178 282
66 122 164 282
78 90 124 450
56 110 146 410
58 102 158 450
78 82 208 274
64 126 126 354
48 146 136 354
70 162 104 378
50 122 194 282
44 134 180 330
46 130 202 314
34 170 222 370
50 122 162 370
44 154 146 378
50 198 154 282
62 142 222 202
64 130 190 242
74 90 158 346
84 90 146 354
74 94 184 274
56 142 186 250
56 154 186 242
72 114 144 330
68 138 158 258
60 126 182 266
60 118 192 250
54 118 198 274
64 114 192 250
80 98 122 450
66 102 130 450
72 102 156 322
68 122 120 370
60 114 144 394
52 134 142 346
46 126 214 306
42 150 174 354
46 150 140 386
84 78 244 226
56 134 242 210
66 130 288 162
58 134 234 210
66 98 158 330
66 134 142 282
68 106 158 322
64 126 148 298
84 82 170 338
76 90 166 322
82 74 178 338
60 142 192 234
66 142 172 242
68 126 112 410
62 122 126 386
72 134 146 266
66 138 174 242
64 126 192 242
56 118 182 274
56 138 182 258
60 130 190 250
50 134 194 274
54 110 156 442
66 98 144 426
68 94 142 410
88 94 154 322
54 126 150 346
54 118 186 290
60 102 198 298
44 114 228 330
42 170 156 354
58 106 152 410
92 94 204 234
88 78 230 250
74 102 162 306
60 110 170 330
74 126 152 282
92 70 194 322
84 82 176 322
94 66 196 338
80 82 170 354
78 78 186 338
46 130 210 306
40 146 208 314
40 142 250 290
70 134 110 410
56 122 138 426
60 102 170 338
80 126 156 266
74 142 144 266
74 106 114 458
78 106 116 386
54 110 158 434
66 94 166 362
64 110 122 442
58 126 160 290
64 118 170 290
60 118 158 314
64 98 180 306
54 134 178 282
60 110 200 274
60 118 180 290
52 106 202 330
54 102 198 338
46 186 168 298
54 118 146 418
68 86 282 226
78 126 158 266
62 106 162 322
82 86 148 386
76 114 142 314
80 110 150 298
74 78 180 354
46 146 250 234
46 150 206 266
40 142 218 306
64 146 112 442
78 150 92 434
80 134 148 250
60 114 182 282
62 102 140 458
80 106 112 450
80 102 136 346
56 102 168 418
60 106 138 434
54 138 142 338
64 118 158 298
68 94 188 282
70 106 154 322
62 118 156 306
56 122 150 338
66 90 188 306
44 130 194 330
62 94 208 282
48 106 206 362
44 118 194 394
50 146 180 282
44 178 170 298
42 178 154 346
42 186 156 338
48 198 144 314
56 126 144 418
68 106 214 226
72 82 252 242
66 94 264 218
78 86 142 402
82 82 150 378
72 118 154 306
78 122 162 250
50 142 264 210
44 166 206 274
40 134 262 282
38 158 218 314
44 126 206 330
72 138 98 450
66 170 120 290
76 110 110 482
76 102 122 434
62 90 162 442
64 102 138 450
54 150 142 314
64 130 144 298
70 90 190 298
62 134 146 306
66 94 214 266
48 118 192 370
60 138 146 298
44 154 162 330
38 162 184 346
48 170 140 338
58 118 134 442
82 86 244 218
64 118 208 234
68 82 290 234
68 82 246 258
86 78 160 370
48 130 254 242
40 150 196 314
44 142 230 266
44 122 268 274
68 150 100 434
80 162 92 402
56 150 144 306
66 94 148 434
60 142 138 306
64 118 154 314
66 114 156 322
60 110 174 314
54 106 214 290
70 74 230 298
50 110 202 354
50 114 178 386
52 162 150 306
50 158 150 314
48 178 136 338
38 166 190 338
48 186 136 330
48 138 160 354
64 86 276 242
80 102 210 218
46 158 184 290
46 154 190 290
44 150 218 274
46 122 256 266
44 118 252 298
76 166 90 386
76 142 178 210
70 82 210 298
72 78 194 338
52 114 206 290
56 110 202 290
68 126 158 274
54 158 156 282
56 150 202 242
46 182 172 282
40 142 198 346
52 162 134 322
46 138 164 346
52 122 164 330
54 122 152 370
60 134 168 266
66 90 204 282
78 118 184 234
80 78 214 274
40 130 246 306
82 158 92 418
78 158 98 370
70 190 96 346
76 166 98 354
54 142 168 282
72 146 190 202
90 94 140 370
68 82 172 402
58 98 174 370
70 78 250 282
60 98 180 338
64 138 138 306
56 122 174 290
66 138 138 298
64 138 134 322
58 146 150 298
86 138 142 250
74 118 156 298
42 198 172 290
60 150 160 266
50 158 198 258
50 162 180 274
44 194 174 290
48 190 172 274
36 174 186 338
48 174 166 290
60 150 124 330
56 206 126 290
50 170 158 298
48 194 144 322
40 134 224 354
54 170 132 322
56 118 162 314
50 122 174 330
48 134 152 394
72 146 104 386
56 190 130 298
58 142 174 266
58 138 160 282
84 166 176 194
74 158 176 210
76 154 150 234
84 110 106 426
56 130 152 306
70 150 118 330
56 98 206 314
58 114 198 258
64 90 174 338
54 122 168 314
56 106 176 338
72 126 144 290
92 122 154 250
86 146 136 258
48 178 176 274
56 138 164 274
48 146 202 266
68 126 164 266
52 178 144 306
46 178 182 282
40 190 188 298
50 178 144 314
42 126 202 362
42 142 178 346
54 190 142 282
58 126 136 354
56 114 176 330
60 118 168 298
60 114 150 362
60 110 166 338
60 146 118 394
56 114 202 282
86 82 202 274
78 86 206 274
68 158 106 370
78 130 118 338
56 138 150 306
62 134 178 258
84 158 182 186
76 146 192 194
76 174 186 194
80 110 110 394
50 126 172 346
56 114 152 354
60 142 158 274
54 102 186 354
72 138 128 306
94 146 116 282
44 186 180 290
50 178 158 282
78 126 154 274
46 114 208 354
40 150 194 354
46 130 184 338
56 198 128 298
58 122 162 306
74 78 188 330
70 142 108 418
60 126 156 298
62 110 210 258
80 154 174 210
76 166 148 234
82 186 180 194
48 162 178 282
48 218 192 242
50 178 150 298
40 174 178 330
40 174 194 306
40 146 188 362
40 158 188 346
42 138 194 354
56 198 140 274
70 82 192 322
58 170 138 298
58 150 140 306
72 158 122 290
80 166 174 202
84 106 116 370
56 106 188 330
50 106 190 394
76 150 136 266
48 146 182 290
40 182 188 306
40 170 202 290
54 194 180 242
46 202 152 306
36 186 190 314
36 190 216 290
48 170 150 322
44 138 206 322
60 178 148 266
52 130 162 306
78 74 202 322
78 114 114 402
52 146 168 290
84 162 162 210
82 182 182 194
90 106 116 354
82 118 128 322
96 98 148 322
64 130 164 266
50 134 158 370
52 102 210 354
80 158 132 250
40 182 206 282
40 158 230 290
48 182 158 298
46 202 160 290
48 186 158 282
54 170 154 274
34 178 212 306
36 206 212 282
48 130 198 298
48 114 194 362
62 174 138 274
66 170 152 250
54 130 148 338
52 138 148 322
88 66 206 314
78 90 192 290
74 74 196 338
48 170 170 298
82 174 188 186
102 102 120 370
94 110 160 274
62 94 174 362
50 98 194 378
54 166 138 314
58 158 150 290
88 154 150 226
44 146 206 298
40 162 212 290
50 162 242 210
46 182 158 330
48 182 166 282
50 222 142 298
58 178 144 274
46 186 162 314
50 194 156 282
36 166 226 314
38 186 222 282
38 198 186 322
58 194 130 282
48 134 174 330
56 126 154 314
44 146 168 346
72 98 164 314
64 114 180 282
66 98 200 282
82 86 188 298
50 162 154 306
82 202 176 186
106 106 144 306
98 102 114 386
94 114 114 346
98 94 176 266
90 110 154 290
56 106 168 370
64 86 182 354
52 90 218 394
52 90 202 402
58 106 194 322
52 102 204 370
56 94 192 394
62 150 154 282
62 158 140 290
80 138 144 258
46 178 160 322
42 190 198 282
32 166 254 346
40 162 232 274
44 158 210 274
46 170 196 266
42 154 220 290
42 146 220 298
50 158 200 250
54 166 218 218
56 182 238 194
46 182 166 314
42 174 182 306
54 198 140 290
56 242 136 282
40 186 204 282
52 174 162 274
56 214 150 266
46 190 168 282
36 162 224 322
36 178 244 274
38 206 244 250
40 202 244 242
42 182 202 282
46 106 212 418
42 122 216 354
42 118 232 362
78 182 174 210
54 218 132 290
50 138 158 322
64 126 134 338
46 126 192 338
70 114 152 314
82 94 182 290
86 86 164 338
60 114 174 298
66 110 190 258
72 106 174 290
68 86 226 282
84 78 182 330
80 102 124 402
74 114 118 442
86 98 128 378
78 106 132 362
84 118 104 402
48 134 184 314
98 114 126 322
90 114 108 362
88 98 172 266
102 110 170 242
80 110 160 290
48 94 228 394
52 98 208 362
76 174 122 266
42 166 180 330
34 150 252 346
36 150 228 338
42 146 226 282
54 178 192 242
68 198 144 242
62 170 168 242
42 166 210 274
40 194 198 282
58 166 166 258
44 206 170 290
40 178 264 242
40 202 224 258
40 186 228 258
40 206 248 234
42 106 226 386
44 214 160 306
66 114 146 330
78 94 176 306
70 94 182 298
100 110 124 322
96 114 128 314
98 98 124 354
78 126 124 322
80 114 156 274
94 78 182 314
90 118 138 290
98 110 164 258
60 98 176 346
52 114 174 346
44 118 206 370
74 158 134 258
42 186 226 258
56 186 222 202
54 150 204 242
56 166 172 258
58 170 162 258
50 182 190 250
42 174 196 290
54 146 172 266
54 162 178 258
68 158 152 250
48 158 186 282
44 186 160 330
42 190 274 218
46 194 230 218
36 178 252 266
42 186 232 250
42 110 244 370
68 102 156 338
70 102 176 290
108 102 142 306
86 130 104 346
94 82 138 402
106 90 144 346
78 130 106 354
86 102 144 314
84 122 152 274
76 126 150 282
90 70 212 306
86 86 182 298
96 110 174 258
92 114 152 266
62 94 200 314
52 122 160 362
70 170 128 266
82 174 138 242
80 154 134 258
32 158 262 314
42 162 234 266
50 214 186 226
48 190 242 210
48 210 212 218
42 182 184 298
48 202 184 258
50 178 182 258
50 174 178 274
48 198 196 242
34 182 266 282
40 166 258 258
36 166 260 282
42 178 208 282
46 178 250 218
40 198 266 226
64 114 150 346
78 98 216 226
56 130 234 226
64 114 168 306
86 102 106 450
98 110 138 314
114 110 116 338
78 106 128 378
92 94 140 362
86 122 106 394
82 130 112 338
82 114 138 322
76 146 120 282
90 118 144 266
96 106 148 306
58 122 142 354
58 110 186 330
50 138 156 386
58 110 156 354
76 166 128 266
78 138 146 250
32 170 248 322
40 138 286 274
54 222 182 226
52 214 220 202
52 190 220 210
42 210 184 274
52 170 164 282
50 194 198 242
50 186 204 226
50 170 170 282
62 174 134 282
44 166 176 322
46 166 242 234
44 198 234 242
52 202 172 250
40 186 256 242
38 158 244 290
36 154 288 282
36 174 268 274
48 202 228 218
78 78 170 362
86 98 196 250
82 98 206 250
98 98 110 466
110 106 114 354
104 118 114 322
76 110 126 386
84 130 106 346
82 118 104 410
76 154 142 250
88 122 142 274
92 126 138 282
92 114 166 242
54 130 138 370
52 142 138 370
70 186 122 274
76 186 148 226
74 150 140 266
78 118 176 250
68 138 164 250
32 178 256 314
36 170 274 274
32 170 264 306
34 186 256 282
58 194 216 194
52 186 178 250
50 170 164 290
50 178 192 250
60 222 158 242
46 170 256 218
40 142 260 282
42 170 234 258
34 158 276 298
64 94 172 330
84 102 184 258
102 94 110 482
104 98 122 354
96 118 134 298
82 138 116 314
80 174 170 210
84 130 150 250
64 138 116 378
74 186 134 242
70 194 144 242
64 186 174 218
70 182 150 234
36 146 246 330
58 194 198 210
56 194 242 178
58 190 174 234
46 158 170 322
46 190 188 258
44 202 224 234
48 190 240 218
50 182 230 210
62 230 156 242
46 150 286 218
40 154 232 282
58 106 174 362
102 94 144 338
62 102 150 410
74 122 150 306
82 134 128 274
68 134 112 386
62 186 140 266
78 198 154 218
84 158 106 314
64 158 128 306
70 118 204 226
88 106 186 234
70 130 142 282
34 170 276 290
36 158 282 282
36 162 328 242
36 166 290 274
42 138 250 282
62 198 170 234
46 206 204 242
64 94 170 354
88 98 140 354
98 94 138 354
64 86 158 418
70 134 122 330
92 130 138 274
84 122 116 322
92 170 172 194
76 146 164 234
74 202 166 210
76 186 168 210
82 150 114 298
78 166 102 330
84 154 116 290
84 94 192 266
84 74 224 266
32 178 268 290
36 170 336 234
36 154 304 266
42 174 300 210
44 154 262 250
34 162 258 298
38 150 246 290
62 206 152 250
68 206 156 234
44 194 194 266
44 202 198 258
54 182 200 226
52 162 200 242
42 174 234 250
44 178 210 258
64 110 160 322
50 106 246 266
64 98 226 258
84 98 134 370
94 62 176 386
74 130 122 338
66 122 128 362
74 134 128 314
80 130 168 234
70 122 152 306
70 118 138 330
86 118 108 378
82 126 114 330
86 122 114 330
64 122 146 330
70 210 182 202
70 170 104 346
76 170 112 298
74 110 240 194
74 110 210 218
76 122 166 258
72 102 160 314
92 94 172 290
68 110 174 274
80 82 228 242
32 190 260 274
36 182 308 242
44 178 274 218
40 142 276 274
36 166 292 266
36 150 230 322
44 170 236 250
52 198 196 218
44 174 196 274
42 206 218 250
54 154 198 242
48 174 194 258
46 174 200 258
44 174 208 266
42 122 280 290
56 94 252 258
76 82 238 258
70 86 232 250
80 86 140 402
86 70 176 370
94 58 182 434
64 94 156 386
62 90 172 402
58 118 148 394
64 130 132 338
78 102 154 322
86 134 110 330
90 110 130 322
54 138 144 330
68 122 152 314
88 126 132 290
86 150 116 274
74 102 218 226
80 102 140 338
70 106 144 362
72 122 180 242
76 118 156 290
74 98 196 258
68 90 196 290
74 94 222 250
36 202 260 258
44 158 290 218
50 194 222 210
60 206 218 186
52 178 226 210
48 186 186 266
52 98 238 282
70 86 218 274
66 90 262 234
74 74 256 266
84 70 176 402
80 62 178 450
86 54 212 426
62 98 162 410
62 86 182 386
76 94 146 362
58 102 160 402
58 114 142 402
58 122 140 370
76 122 144 306
72 130 112 362
82 134 104 346
86 126 104 354
56 146 160 282
58 126 142 346
54 130 158 314
84 146 138 258
88 150 134 258
70 158 128 298
60 162 132 306
64 118 212 226
72 110 218 210
78 114 180 258
78 102 232 194
82 126 204 210
78 102 210 234
62 102 190 298
76 82 206 290
66 90 252 242
46 174 252 218
38 166 264 258
62 218 204 194
54 174 186 250
46 206 180 274
56 94 214 298
70 90 260 234
54 94 236 282
66 82 236 282
66 150 220 194
68 90 248 250
66 86 256 258
64 102 294 186
66 94 268 210
76 74 248 266
76 58 246 362
62 86 252 282
82 74 154 466
76 66 164 442
90 54 208 418
88 50 242 442
78 54 240 434
72 110 144 338
56 118 150 378
68 130 118 378
80 134 138 274
80 146 116 298
94 110 120 346
88 122 106 346
58 154 158 282
54 166 160 274
72 126 206 210
70 142 204 202
76 150 216 178
72 118 212 218
80 102 150 314
78 146 162 234
84 98 244 194
82 106 260 178
78 102 230 202
74 114 226 202
90 94 242 186
74 82 200 298
76 86 196 298
72 90 248 242
72 82 274 226
36 170 288 266
68 86 244 258
62 86 256 266
62 86 222 306
66 82 264 258
64 82 272 266
86 70 170 410
74 66 188 426
86 98 118 434
80 70 166 426
78 78 140 458
82 54 236 426
92 50 248 426
72 58 230 442
74 106 120 394
70 134 132 314
70 130 118 354
76 122 108 434
78 118 164 258
84 134 102 354
90 110 114 362
94 118 126 322
92 106 108 370
78 118 212 210
76 130 210 194
72 138 182 218
78 102 140 346
78 150 176 210
88 138 166 226
82 118 168 242
80 102 286 170
74 102 224 218
88 122 222 186
72 86 200 298
82 74 210 298
80 82 284 218
40 178 290 234
50 118 218 274
58 102 250 242
66 86 262 250
52 94 272 266
66 154 182 226
68 122 174 250
74 166 186 202
70 66 230 370
84 70 172 410
76 86 134 466
82 78 146 442
74 82 146 474
68 62 216 434
70 98 140 370
86 114 118 362
80 122 108 418
74 106 170 290
82 126 140 282
74 86 202 290
98 106 126 330
104 102 112 386
90 102 130 354
70 134 208 202
68 150 176 226
90 94 172 298
88 142 180 202
74 134 180 210
76 118 154 298
76 146 150 250
76 106 316 154
84 78 232 250
76 90 256 210
62 106 188 314
50 114 210 282
58 114 222 242
56 94 278 250
52 94 292 250
66 134 176 250
66 82 224 314
60 94 220 266
70 90 130 466
64 82 158 474
72 62 212 426
98 114 120 330
86 118 132 306
74 134 138 298
90 126 126 298
70 138 190 210
70 146 202 202
80 150 190 194
72 158 172 226
70 162 162 234
80 130 196 210
76 138 148 258
84 106 218 210
82 154 164 226
74 142 154 258
84 138 144 250
72 114 332 146
48 130 246 258
58 118 216 242
62 106 198 266
52 94 316 242
50 94 276 282
48 110 256 266
78 86 182 314
56 94 224 282
62 90 212 290
58 90 220 314
58 102 210 282
70 86 204 314
70 94 208 266
60 114 190 266
66 66 208 402
74 90 136 450
56 94 174 466
58 78 204 410
68 114 130 354
110 106 152 282
90 110 128 346
76 142 196 202
66 162 192 218
58 150 228 202
68 126 180 242
78 146 216 186
70 142 182 226
68 170 164 226
82 138 172 218
80 150 138 258
80 138 138 266
48 114 238 274
54 98 324 194
52 98 284 258
52 110 212 282
50 110 288 234
46 106 324 258
52 94 254 298
52 94 244 314
66 110 202 242
62 98 206 290
92 50 266 394
82 58 212 418
70 118 148 322
78 102 130 378
76 146 182 202
58 142 204 234
80 154 172 218
90 122 160 250
90 126 192 218
68 158 138 290
76 150 132 274
64 122 298 170
72 98 326 162
56 102 310 210
56 110 336 186
60 110 192 306
62 102 252 234
46 106 304 274
48 106 262 282
72 86 192 306
64 82 226 314
74 70 174 426
72 66 198 434
84 50 330 346
80 54 268 354
50 94 242 354
72 66 206 378
90 58 184 410
74 130 190 226
72 130 206 202
68 130 240 186
92 110 148 298
88 122 152 266
74 170 118 274
72 110 170 282
56 134 256 194
76 90 310 170
54 130 210 250
68 102 304 178
62 90 296 226
58 126 334 162
60 110 220 234
82 86 180 306
72 82 198 306
58 90 210 338
52 102 216 330
76 66 184 434
78 70 180 410
88 66 178 410
88 50 320 330
78 58 234 386
66 70 220 362
82 114 178 258
74 126 166 250
82 150 154 234
64 118 238 202
70 142 250 162
104 98 154 306
72 94 180 314
76 110 176 266
62 174 116 322
72 178 116 290
72 154 124 290
64 162 142 274
78 90 336 162
60 90 282 250
64 90 274 242
58 118 332 170
64 126 196 234
58 110 232 242
74 78 220 298
52 122 188 314
74 82 152 458
84 50 318 362
50 90 228 410
46 110 216 362
42 110 222 394
66 138 188 226
74 150 246 162
66 154 244 170
102 98 146 322
78 118 146 306
68 190 110 298
76 154 130 274
74 98 324 170
74 90 340 162
82 86 306 178
50 110 222 298
58 102 266 226
58 90 258 258
70 110 210 234
72 114 184 258
72 110 184 266
80 138 196 194
68 130 202 226
54 98 234 282
64 106 234 234
52 110 290 218
66 78 248 306
50 138 178 290
48 134 182 322
84 66 180 418
76 94 128 474
76 54 316 338
76 138 172 226
74 142 252 154
94 94 156 306
100 110 158 274
80 142 128 290
62 190 110 314
64 178 124 290
60 174 142 290
68 150 128 306
72 166 124 282
80 142 136 274
84 154 110 298
72 98 298 178
82 86 358 170
76 82 374 186
78 86 310 178
46 110 260 290
56 114 194 314
52 98 288 250
52 102 252 266
54 106 268 234
70 122 198 226
88 154 214 162
50 110 228 290
46 150 184 322
74 110 118 450
78 58 232 410
80 130 192 218
84 150 168 226
68 142 252 162
98 82 174 314
78 194 96 338
66 178 132 266
72 154 142 274
62 170 124 298
70 154 130 298
88 142 116 298
68 106 314 170
70 86 282 210
80 78 344 202
72 106 310 162
58 110 230 250
46 118 202 322
58 126 274 186
52 110 226 258
54 102 230 282
60 82 212 338
74 118 112 434
86 58 204 402
86 58 216 370
66 130 242 186
66 138 258 170
98 74 194 306
76 186 102 322
78 178 98 330
64 178 110 330
58 154 134 330
60 142 136 330
60 202 126 290
72 158 134 274
68 114 326 154
70 98 288 194
46 114 250 282
58 118 272 202
50 102 300 258
62 106 260 202
62 102 288 194
58 98 230 266
56 102 276 226
64 78 242 314
78 54 288 362
78 50 346 354
82 50 354 330
74 134 232 178
70 146 276 154
100 74 202 290
74 178 96 346
74 178 104 330
50 158 146 322
60 166 126 306
60 118 152 338
62 158 152 274
66 162 128 290
64 154 130 314
80 102 308 162
72 114 322 154
70 118 300 162
48 118 242 266
62 78 312 282
48 102 288 290
76 106 300 170
60 114 282 186
58 110 242 218
70 82 242 266
52 106 216 282
48 106 238 290
58 90 230 298
48 122 240 266
74 54 376 338
78 54 384 314
80 54 324 314
64 166 120 314
76 182 108 290
84 186 100 322
56 154 132 338
58 134 144 330
70 146 150 266
66 190 116 290
76 106 306 162
40 122 250 306
66 74 326 258
82 106 300 162
58 126 288 178
54 102 280 226
54 106 248 258
74 94 248 234
48 118 210 290
54 106 228 266
44 126 202 346
48 134 212 266
72 54 312 386
58 70 282 370
72 66 210 370
68 162 120 298
68 154 126 314
62 154 134 306
66 162 140 274
76 178 114 290
78 190 102 306
66 154 146 274
72 174 148 242
64 202 128 282
88 94 288 170
46 122 352 218
44 122 212 314
38 138 250 314
40 126 266 282
42 126 236 298
54 94 248 266
56 138 220 234
54 126 182 282
46 142 212 282
46 142 228 258
78 54 286 378
76 54 308 378
76 50 370 338
72 58 266 378
76 62 216 370
66 170 130 274
78 142 112 330
66 174 164 234
72 154 122 306
88 202 106 282
82 178 108 306
56 170 124 330
62 166 122 346
66 146 152 266
76 174 154 226
66 210 126 282
84 94 292 170
44 126 228 290
38 126 276 322
42 118 298 274
50 142 278 202
52 94 260 274
72 54 352 370
74 54 358 346
74 50 346 370
74 58 264 386
80 58 230 378
74 66 222 362
82 130 118 322
64 166 152 258
80 154 114 298
76 142 128 298
58 158 154 274
76 198 124 250
50 106 318 234
48 114 234 282
42 142 228 298
52 154 288 178
42 146 286 242
50 98 234 314
50 106 234 274
74 62 316 306
76 50 322 386
70 54 332 378
74 62 328 298
82 58 304 314
76 54 362 330
78 62 318 290
66 58 302 378
70 66 216 378
72 138 114 330
80 114 144 306
80 138 128 298
68 166 158 242
68 162 140 266
78 162 124 274
82 162 108 314
86 130 108 338
74 150 138 274
78 130 116 346
62 162 132 298
54 202 118 354
56 198 120 354
60 150 170 250
62 146 160 266
62 158 160 258
62 178 146 266
88 222 132 226
46 110 304 258
50 114 222 274
38 142 266 290
42 138 212 322
42 158 218 298
38 142 222 314
50 170 298 170
54 158 300 170
48 114 224 290
50 110 210 314
58 110 204 282
56 114 220 274
68 142 210 210
72 54 308 394
56 78 308 322
82 58 306 306
74 58 332 314
84 66 298 266
72 58 382 314
52 82 290 330
64 62 282 418
58 78 236 362
66 74 194 410
70 78 202 330
78 122 154 282
70 170 152 242
70 174 126 274
78 162 128 266
82 182 126 258
92 174 112 290
74 142 130 290
84 134 126 290
74 142 124 306
66 146 128 330
60 194 122 338
60 174 118 346
58 138 152 290
64 170 162 242
62 150 158 266
90 230 130 226
44 122 314 234
54 98 246 274
38 138 206 338
50 162 292 178
50 158 310 178
46 114 266 266
56 114 224 258
56 86 258 290
76 54 304 386
50 78 312 338
50 86 304 330
82 74 302 234
72 62 328 314
52 74 322 378
52 90 230 370
58 82 230 314
78 70 202 346
68 130 150 290
66 162 136 282
86 162 120 258
74 122 160 290
82 150 112 322
64 138 130 330
56 158 146 298
62 138 158 274
72 186 180 210
62 158 144 282
60 166 150 274
48 114 298 242
52 94 252 306
54 102 264 258
42 126 212 330
56 170 272 170
52 154 306 170
46 134 204 298
58 118 236 226
58 90 246 282
54 82 280 298
54 114 254 250
74 54 304 402
76 58 298 338
54 78 314 322
46 94 294 322
72 58 346 322
78 58 306 330
54 74 312 378
50 86 252 378
52 94 224 322
66 86 200 322
62 82 236 298
58 98 168 434
96 178 122 250
94 154 110 282
90 162 126 242
74 138 112 354
68 138 136 314
60 158 152 282
58 166 144 298
60 178 138 282
74 190 174 202
68 166 188 218
66 158 150 266
64 154 156 266
48 158 334 186
48 118 248 258
42 130 228 306
48 166 288 186
56 154 302 154
48 166 300 178
44 118 250 314
48 138 228 258
48 126 214 282
58 106 238 250
46 134 248 258
56 118 212 250
54 130 230 234
70 58 304 362
60 66 290 386
56 78 290 338
50 86 328 322
46 98 312 306
82 58 298 322
68 62 332 346
50 90 246 330
74 70 212 338
68 94 182 322
62 90 176 386
64 86 164 410
104 170 112 274
94 150 132 242
74 142 110 362
64 178 144 266
72 210 178 202
74 198 168 210
70 146 156 258
66 166 170 234
64 146 170 250
44 126 256 274
52 174 266 186
54 174 268 178
58 138 292 162
56 182 330 138
58 186 328 130
50 150 290 186
52 166 296 162
46 174 306 186
46 110 246 306
50 138 216 250
52 142 182 274
44 150 222 266
48 122 274 234
54 118 254 234
58 70 286 354
84 54 258 354
42 102 282 330
50 102 222 330
52 90 222 378
62 74 300 314
62 78 200 386
68 86 170 394
108 178 108 274
104 198 130 218
90 182 122 242
96 158 126 258
98 170 134 226
72 202 170 210
56 166 252 186
64 138 276 170
56 174 328 146
58 178 326 138
62 178 336 122
50 154 286 186
46 122 222 306
46 162 218 258
46 138 196 314
46 166 194 274
42 170 246 250
60 114 258 202
50 122 262 226
50 122 284 218
60 70 244 378
62 70 288 338
50 78 288 370
56 70 310 338
74 58 274 370
64 62 308 378
56 90 228 322
50 106 220 354
48 94 230 378
54 86 206 378
70 70 200 402
112 178 114 258
106 198 148 202
108 206 126 218
92 182 140 226
48 138 354 194
60 198 232 186
64 170 256 162
64 162 188 226
64 182 226 178
60 122 284 178
64 186 326 122
68 186 336 106
46 154 290 202
42 158 294 226
44 122 264 282
44 130 212 298
48 158 240 234
46 142 192 322
54 114 256 226
62 102 240 250
62 118 224 226
56 126 252 210
50 134 260 218
68 62 320 354
70 58 278 378
84 58 248 330
82 54 288 346
62 66 278 362
42 118 278 298
56 98 192 354
58 90 192 386
58 86 212 362
62 82 190 410
104 206 120 234
112 194 130 226
102 182 108 266
40 146 270 258
66 202 222 170
66 170 316 130
64 162 340 130
78 158 326 114
44 110 288 282
42 138 216 306
56 126 242 218
62 90 264 250
56 126 218 242
56 114 276 210
56 134 232 226
50 114 296 226
52 138 254 218
64 70 240 410
54 82 224 386
68 74 240 322
66 74 224 354
60 78 216 362
62 70 284 354
66 62 338 362
72 58 302 346
66 62 264 370
72 58 298 370
94 58 250 322
90 58 276 322
72 62 268 338
64 70 272 362
54 82 266 346
46 114 258 274
64 82 208 322
50 126 168 354
60 82 228 314
66 78 206 370
74 74 188 394
98 210 128 226
112 198 110 258
110 198 126 234
40 162 296 242
38 146 258 290
38 150 294 266
44 146 266 242
44 142 284 234
38 154 262 282
60 154 338 138
58 178 358 122
78 150 324 122
60 142 266 178
48 150 256 218
58 130 208 242
52 138 236 226
56 114 266 218
60 98 254 234
60 86 286 258
62 138 188 250
56 106 244 250
56 122 268 202
54 130 254 218
60 122 210 242
56 134 210 242
54 114 288 194
46 114 278 250
54 138 228 234
50 138 220 242
50 130 282 218
54 138 296 178
58 134 206 242
52 134 216 242
64 74 234 362
54 98 214 354
66 66 234 370
54 86 246 346
72 62 292 322
74 62 240 354
94 58 218 346
82 62 226 346
82 62 274 290
60 74 242 386
46 126 234 274
46 122 248 282
46 122 242 290
68 74 236 330
72 86 212 290
60 86 238 306
60 86 246 298
60 106 224 258
66 82 188 378
74 66 204 402
100 214 132 210
44 150 310 210
40 134 250 298
44 138 294 234
38 134 284 298
42 146 332 226
48 142 280 218
46 142 296 202
34 146 294 298
58 130 240 202
54 110 276 218
54 138 244 218
54 134 248 218
58 110 288 194
64 98 282 210
64 90 292 234
64 102 240 234
60 142 216 218
56 134 204 250
66 110 216 234
52 130 298 186
58 122 306 178
52 122 280 218
54 126 264 194
44 110 270 298
52 146 274 202
52 170 278 186
44 182 270 218
56 162 272 186
54 126 252 234
54 146 238 210
64 110 256 210
54 138 176 266
56 130 258 194
52 138 190 266
50 126 298 202
