3534
97 160 31 286
55 180 173 62
49 176 183 70
51 172 183 74
69 152 171 70
53 156 209 74
51 188 179 70
39 184 157 94
41 196 181 86
59 160 181 70
75 176 43 210
51 168 197 78
47 180 209 70
61 156 161 70
41 188 201 78
83 140 159 78
51 156 229 78
39 180 215 78
41 172 209 86
55 156 177 74
51 148 189 82
55 152 171 78
89 148 33 262
53 140 121 114
61 44 195 322
69 84 57 278
69 140 149 82
43 132 159 114
91 140 35 294
45 188 141 102
27 140 133 314
97 128 37 254
35 160 97 214
37 156 79 298
67 56 95 382
35 192 97 206
75 40 183 286
69 84 53 302
53 172 153 70
45 84 105 262
77 116 43 286
63 156 45 234
57 184 151 70
61 180 45 234
31 176 105 210
75 92 47 298
35 164 93 214
69 176 41 226
43 72 129 366
79 116 41 266
57 160 155 82
53 68 91 366
67 56 203 186
75 76 57 282
33 180 221 102
51 88 181 150
41 160 211 90
33 164 105 206
31 152 117 214
43 168 71 234
27 156 219 146
53 108 169 118
29 156 147 178
57 44 203 362
77 112 43 310
49 196 65 218
61 40 187 390
45 152 167 86
55 168 165 78
49 156 101 146
67 172 117 94
59 156 49 242
69 172 111 90
25 132 155 330
59 44 189 330
69 108 67 186
49 152 169 82
47 116 113 158
67 68 73 258
55 100 59 314
31 192 131 158
45 120 151 122
31 148 109 258
43 144 137 114
33 136 223 134
107 48 199 206
55 128 147 90
31 156 157 150
65 88 77 214
67 80 61 270
49 104 73 274
69 124 41 326
37 148 217 110
31 148 223 134
41 120 209 122
59 152 51 226
31 180 113 198
81 120 61 170
91 96 67 190
67 40 165 390
83 84 127 134
53 120 109 126
35 92 191 226
77 176 63 146
37 148 95 182
57 96 75 234
77 148 59 150
55 160 75 162
69 68 77 254
77 48 95 310
61 156 53 206
67 96 85 158
37 108 115 342
79 172 49 174
89 80 67 218
73 172 137 74
29 164 159 162
51 124 79 190
45 124 73 274
41 148 99 170
81 128 73 142
43 144 65 290
39 160 101 174
51 160 87 146
37 136 141 154
71 52 99 326
69 168 107 94
53 132 175 90
87 80 105 166
45 144 189 98
81 164 129 78
49 96 101 206
31 140 109 282
59 104 89 162
27 148 121 286
57 100 119 134
77 112 45 258
53 88 81 270
79 120 149 90
49 172 163 78
39 160 127 138
39 144 101 190
55 76 111 214
55 116 69 214
65 56 97 382
77 160 99 98
61 116 103 126
89 116 77 134
63 72 113 198
81 104 65 198
35 148 165 118
27 156 121 258
33 184 163 118
37 168 147 114
27 140 139 262
25 144 145 258
61 84 119 162
49 88 87 318
67 120 91 126
55 176 135 78
27 144 209 182
45 168 107 138
69 124 141 86
63 124 51 266
39 112 205 154
63 104 85 166
69 60 125 190
35 84 157 338
41 68 183 326
67 96 95 150
63 124 65 170
51 64 153 242
63 128 85 142
37 172 145 122
41 132 131 134
71 124 123 98
73 164 109 94
95 104 51 202
65 108 61 234
65 84 63 274
65 72 85 222
41 72 161 334
45 172 187 74
63 112 75 158
45 148 95 166
37 108 179 182
33 160 93 234
25 156 125 266
87 92 109 138
85 104 97 138
105 108 133 110
49 96 81 294
37 152 209 106
53 96 71 290
39 156 93 186
67 104 91 154
39 168 103 170
45 88 93 262
59 76 67 262
31 144 105 270
61 112 65 230
73 84 53 270
49 112 69 282
49 76 127 222
59 140 81 134
45 88 103 246
35 164 101 198
55 164 67 178
77 88 57 262
55 72 153 182
49 104 75 270
61 84 103 174
89 108 63 182
53 76 83 294
53 96 73 274
47 104 157 142
53 92 115 174
51 104 105 170
53 100 105 154
53 152 63 202
61 60 87 318
81 112 83 142
79 120 39 286
61 140 59 186
61 80 81 214
59 84 71 250
61 80 69 246
63 72 69 310
59 84 113 174
83 52 87 306
69 112 67 182
57 136 57 218
27 172 121 194
55 132 115 118
61 120 79 170
51 80 97 262
51 64 155 222
57 52 147 318
55 104 77 182
45 104 147 162
75 156 57 158
55 104 75 222
55 116 131 122
49 148 105 146
53 100 69 286
61 64 85 346
71 88 55 274
53 80 87 270
45 168 71 194
37 120 111 210
35 160 153 122
33 140 167 154
65 60 123 222
59 112 63 234
51 84 131 174
55 112 93 170
49 116 109 154
39 148 133 130
55 92 67 306
51 104 129 126
59 84 103 182
41 124 113 186
55 72 83 334
65 88 101 170
45 148 65 282
83 92 97 154
55 104 93 174
55 60 143 222
49 100 65 342
71 56 81 318
55 100 87 202
33 156 147 146
27 156 141 186
31 172 117 186
59 116 97 134
51 108 125 138
61 112 97 138
27 148 153 214
51 124 85 182
55 108 121 130
55 124 81 166
59 112 73 182
59 152 63 182
55 84 151 162
63 56 129 262
53 76 91 262
57 68 103 246
59 100 71 242
39 152 129 138
63 148 47 226
43 104 125 186
47 68 145 238
57 68 147 194
77 60 95 238
37 140 97 226
77 136 71 142
71 96 75 190
47 100 71 290
49 108 69 290
81 64 105 210
61 128 67 174
67 64 79 274
61 108 67 210
55 112 133 106
73 112 131 106
43 156 235 86
51 132 151 98
33 116 193 170
67 132 65 166
31 156 125 170
59 116 127 114
55 64 169 214
41 136 91 178
37 108 171 190
63 64 165 182
53 72 83 338
47 112 131 142
45 88 101 254
65 116 97 130
57 116 87 150
79 72 57 282
47 92 91 262
81 96 93 146
69 84 93 178
41 112 89 250
53 64 119 278
51 108 69 226
43 148 67 250
63 52 125 302
67 72 63 290
69 56 119 246
29 164 161 154
59 112 99 146
51 76 171 178
57 64 189 190
51 124 161 102
51 72 197 186
47 68 189 210
49 104 167 126
49 148 207 82
39 112 101 278
63 116 71 182
61 88 73 218
35 108 197 182
37 100 193 170
69 72 65 282
75 128 61 158
29 132 139 242
37 116 105 294
55 164 81 138
37 124 133 186
45 84 139 206
45 124 113 158
37 124 153 166
51 84 145 166
59 56 121 310
49 72 103 350
47 100 127 150
39 124 89 302
53 64 111 286
73 68 65 282
29 148 185 162
47 152 121 118
53 108 65 234
49 176 61 234
59 100 63 266
61 116 81 170
45 132 67 258
29 172 123 170
53 128 179 90
49 64 185 230
41 156 95 162
31 136 201 158
47 96 93 246
41 100 205 154
35 112 193 170
37 120 197 138
37 104 175 190
29 124 147 250
41 92 123 222
35 144 175 130
47 84 143 178
35 104 129 238
43 116 111 178
57 84 117 170
59 72 71 282
31 160 113 210
41 132 77 226
69 108 51 266
47 80 129 222
61 64 167 182
31 88 197 366
71 48 169 238
39 124 117 170
69 128 137 86
33 140 107 238
63 176 113 94
57 100 129 126
53 60 139 274
69 76 79 226
83 92 69 202
75 108 87 142
43 152 71 238
53 80 89 254
45 152 77 186
45 84 101 366
55 136 89 150
73 56 79 318
57 156 81 142
49 164 89 138
47 108 69 322
31 140 169 174
37 164 135 130
49 96 199 138
45 132 203 98
55 120 165 98
81 68 215 146
35 132 99 254
71 96 77 182
77 100 69 194
39 148 143 126
37 108 201 166
55 80 153 166
31 96 149 258
41 112 127 190
43 112 119 174
27 160 181 150
35 100 151 230
51 112 103 174
47 128 101 170
43 136 73 234
23 144 161 254
59 96 121 130
71 112 47 274
35 104 181 198
49 120 75 214
35 120 185 162
61 96 55 266
55 100 91 178
85 120 119 102
41 116 119 166
65 180 95 102
87 56 105 230
55 56 145 282
85 80 87 186
53 108 77 222
65 92 129 126
79 88 67 206
49 180 65 222
55 60 133 238
67 80 77 214
47 88 115 198
57 100 71 258
45 172 81 170
43 100 93 318
39 116 99 310
59 52 111 342
59 88 87 182
49 112 77 218
67 56 97 306
65 156 41 282
37 124 195 146
41 124 115 178
55 52 185 290
39 80 155 254
79 128 37 294
51 128 85 178
71 72 161 154
75 64 187 158
41 76 153 234
43 132 123 142
51 88 107 182
29 160 129 178
29 132 141 238
33 124 147 186
53 76 135 178
35 156 131 150
63 56 133 254
63 60 123 242
61 104 105 130
59 140 51 266
31 160 117 190
65 84 111 166
61 96 87 170
31 112 161 218
53 80 97 230
69 68 81 238
37 128 149 162
39 96 115 374
69 96 93 154
53 96 107 166
51 96 101 186
81 80 63 226
33 124 137 214
45 104 139 166
53 120 55 306
65 56 99 310
35 136 123 198
39 124 113 194
65 80 59 278
71 52 153 214
77 124 67 150
45 132 123 138
39 140 139 146
45 128 117 154
47 80 143 190
53 160 107 118
47 80 177 174
47 100 187 138
43 128 105 166
81 156 31 302
75 132 37 294
55 132 87 154
57 60 103 346
63 88 69 230
59 84 189 146
69 68 171 166
47 84 131 214
53 96 83 242
41 120 115 194
25 164 149 198
29 168 167 114
37 92 163 230
35 124 143 186
73 116 127 106
47 156 87 162
47 140 117 134
51 100 97 202
61 144 139 82
35 152 131 158
31 180 121 174
47 60 151 362
29 120 141 298
35 140 135 162
59 112 93 150
29 156 113 270
59 96 93 174
49 100 125 158
43 136 103 174
35 120 115 238
59 60 133 226
55 100 81 206
55 112 51 326
55 124 51 314
65 56 101 302
55 52 193 282
63 60 97 302
51 116 73 214
29 148 143 186
43 112 143 158
27 164 157 178
33 136 155 174
35 128 161 162
63 76 121 182
61 60 139 222
79 80 61 230
43 152 129 118
45 84 133 218
49 76 139 210
45 136 195 94
65 100 75 190
67 104 57 262
73 88 63 230
59 80 73 230
43 100 179 154
43 116 143 142
39 100 167 198
47 68 155 222
27 152 177 162
55 76 103 234
39 124 139 166
37 176 171 94
37 164 153 98
31 164 143 130
35 132 173 146
31 108 183 210
47 148 99 154
41 108 173 150
69 60 149 182
27 188 113 206
35 148 95 234
49 88 129 186
37 144 185 114
63 56 155 218
53 60 133 322
69 80 89 198
51 108 107 162
55 80 103 214
51 128 123 118
75 76 79 214
87 100 73 166
77 84 97 170
83 104 61 194
55 96 59 318
53 96 63 306
57 52 179 250
65 108 89 142
67 52 111 282
37 104 171 198
35 112 167 186
43 156 139 106
49 152 123 94
57 84 113 186
41 80 131 242
51 100 113 174
55 140 87 150
55 56 183 242
53 68 165 206
53 96 193 130
57 96 87 202
35 124 169 174
75 92 67 210
37 176 107 170
29 168 159 142
45 116 117 158
37 152 137 130
39 172 147 110
39 164 123 130
47 116 143 130
49 96 99 210
31 148 111 246
37 152 153 118
39 140 145 130
67 56 125 250
49 64 147 294
67 84 93 182
45 68 139 322
41 128 133 150
41 132 155 126
45 160 143 98
31 160 163 130
61 124 101 126
81 76 89 182
69 68 139 170
69 100 111 130
83 88 89 166
81 96 81 170
49 96 71 310
51 112 77 202
79 92 55 230
83 112 75 146
57 92 59 310
55 64 87 310
71 56 131 218
63 108 81 150
65 108 95 138
79 72 79 226
35 128 185 150
41 124 85 234
33 136 181 138
45 160 121 114
45 176 165 86
63 72 95 226
69 64 113 202
35 120 123 222
39 124 155 146
31 112 173 202
81 72 103 182
79 88 107 154
79 96 107 130
77 88 95 166
35 112 163 198
59 68 101 246
49 168 201 78
61 60 187 194
53 152 107 122
63 64 169 174
49 80 135 198
27 172 127 190
47 64 135 326
77 72 93 194
49 104 143 130
39 128 133 166
73 76 81 218
77 84 87 178
65 100 129 114
55 100 63 290
65 68 69 290
63 128 47 274
37 120 191 154
49 128 157 102
45 116 93 202
39 180 111 154
33 152 175 114
39 156 149 114
51 164 105 122
63 72 101 218
67 52 179 198
43 108 163 146
55 76 81 270
57 68 167 182
45 68 153 270
57 72 75 270
55 84 83 246
69 52 109 278
67 76 207 142
73 104 65 202
35 124 171 166
53 112 79 194
55 60 181 218
31 168 155 122
53 56 145 322
77 52 151 202
59 84 109 178
57 72 123 198
59 116 95 146
29 128 165 210
79 64 109 202
75 92 91 158
67 48 107 366
43 100 95 294
31 128 215 162
47 128 163 106
45 168 131 106
71 56 103 242
61 56 163 206
51 92 81 282
35 120 173 170
33 100 171 238
35 84 187 254
63 52 195 210
71 56 93 254
75 68 93 206
57 124 77 174
47 104 97 214
57 56 179 218
25 140 187 194
55 132 143 90
39 160 159 94
35 136 201 122
81 52 157 198
47 92 125 194
47 116 121 150
59 88 101 174
71 72 139 158
69 64 127 182
67 60 95 262
49 124 121 134
51 68 173 198
91 44 149 234
45 100 165 150
47 92 165 150
33 124 201 166
73 72 111 186
63 84 181 138
53 64 147 222
27 136 163 210
33 160 165 118
35 172 183 106
41 92 115 230
75 48 149 230
91 52 149 194
63 88 113 150
65 60 139 194
53 136 85 162
61 76 87 230
105 44 185 226
71 64 79 258
55 92 117 162
69 80 143 138
45 96 149 166
63 68 121 186
65 68 113 174
61 56 169 198
53 120 135 110
37 124 155 162
71 48 175 214
47 88 141 190
31 140 187 146
41 124 201 118
63 76 113 186
65 64 123 202
53 80 119 214
77 52 141 218
73 80 111 162
35 116 141 218
37 140 151 146
33 196 115 178
45 148 97 158
43 164 93 158
57 56 149 270
43 72 145 278
65 48 113 354
69 84 129 142
65 64 135 174
61 68 117 198
53 140 109 118
81 52 113 234
59 84 85 190
69 60 91 270
67 64 119 194
75 60 121 206
83 52 123 226
65 48 133 274
51 84 119 182
61 52 149 246
43 124 161 118
35 108 177 186
71 60 115 214
55 64 131 250
53 76 97 238
41 140 149 114
47 148 71 186
39 176 97 170
59 68 143 194
71 56 135 210
47 136 101 150
81 60 113 210
39 92 163 222
57 88 109 166
31 144 191 138
45 116 113 166
45 100 147 166
31 124 125 254
37 128 167 142
41 160 85 194
67 48 109 310
87 64 105 206
39 96 135 250
43 116 133 158
35 112 145 214
55 76 93 250
63 68 71 282
39 132 151 134
41 104 187 150
53 84 97 222
43 112 145 150
59 72 121 186
79 48 135 226
75 48 173 222
53 108 97 182
83 52 99 242
47 120 135 134
39 92 139 242
35 132 149 166
35 120 191 158
59 68 79 270
39 152 155 102
37 140 119 174
47 108 125 154
57 84 105 190
53 76 129 206
55 68 119 210
51 64 135 286
75 68 85 222
69 52 111 266
37 100 181 198
53 56 161 286
53 96 81 266
59 120 121 114
55 68 117 238
55 60 115 262
31 148 133 198
33 128 125 194
49 112 105 174
51 124 67 234
51 72 141 218
65 56 137 222
59 52 125 330
77 40 143 298
67 44 135 318
67 48 127 290
49 120 115 142
53 112 113 126
45 116 155 126
35 124 195 150
61 48 149 286
55 52 167 294
29 128 155 234
41 140 173 106
45 124 181 106
37 96 169 202
39 92 187 198
49 68 151 230
59 100 77 214
59 100 95 166
55 72 91 258
55 52 127 370
95 40 179 250
67 64 83 258
63 44 135 330
65 48 131 306
47 100 119 190
57 52 151 290
31 152 115 234
73 140 75 138
45 140 127 126
47 132 129 122
47 136 155 94
37 124 125 190
35 112 153 206
37 88 177 206
45 100 111 194
37 136 119 190
49 60 123 366
63 56 103 302
57 52 141 326
55 52 147 330
63 48 107 378
41 92 111 278
39 96 149 230
79 144 67 138
39 176 177 90
53 116 137 106
39 160 129 114
47 124 171 102
43 128 107 162
41 88 189 190
39 108 147 190
51 56 125 366
47 60 147 378
81 40 165 282
67 52 99 338
63 48 127 342
41 96 131 218
79 132 97 110
39 188 195 86
41 180 193 82
45 180 149 90
47 116 129 142
35 108 159 206
41 108 109 214
51 128 93 142
53 112 95 170
45 64 151 358
61 44 149 362
43 92 107 246
77 108 93 138
43 160 169 90
39 136 99 194
43 112 111 182
47 124 135 118
31 148 117 242
41 100 137 198
43 88 135 230
39 104 165 178
59 124 71 150
57 56 109 342
43 84 121 310
47 64 127 346
47 60 153 358
39 108 121 230
45 112 151 134
29 128 145 250
49 88 113 206
57 148 73 162
53 60 121 326
31 120 181 198
41 144 147 118
31 92 171 250
51 108 109 158
47 80 175 178
55 140 79 162
57 124 73 178
27 152 159 174
35 116 121 230
35 88 159 266
39 108 169 158
57 156 69 170
55 152 95 130
43 100 183 146
51 64 127 310
23 144 171 218
25 132 177 226
57 104 69 194
27 152 185 158
29 148 161 174
31 152 163 150
35 124 179 162
37 104 127 238
43 92 119 226
57 56 145 274
37 84 173 230
33 104 179 202
35 124 155 178
39 116 157 158
39 100 175 178
39 76 177 246
41 156 137 110
47 148 109 138
27 136 175 206
27 112 195 270
79 136 53 186
53 104 99 186
59 108 125 118
31 124 167 178
25 120 157 286
33 124 183 170
31 124 159 218
39 80 149 258
43 156 125 118
29 108 171 294
75 124 47 222
53 120 91 166
67 88 93 178
55 108 69 218
27 140 165 198
33 124 163 178
41 120 93 198
37 124 117 206
41 128 89 222
25 120 165 270
29 128 157 226
33 128 161 178
29 116 145 266
45 144 113 146
33 156 153 142
29 108 189 262
69 120 55 222
83 120 51 210
57 84 93 214
61 84 109 170
33 140 163 158
31 124 165 198
29 172 137 146
31 152 169 146
29 132 181 178
39 100 125 238
41 116 117 194
47 108 75 238
45 140 79 202
37 112 117 250
35 128 115 206
45 104 105 194
39 124 107 214
35 116 135 226
45 80 155 186
37 104 191 186
43 100 127 194
59 80 143 166
41 128 127 158
31 144 177 150
71 104 67 162
27 148 185 166
35 128 163 158
31 156 143 154
33 144 187 122
35 140 163 138
25 160 207 174
23 148 157 198
41 116 97 246
49 124 63 258
39 80 139 298
37 88 151 238
27 140 167 190
33 112 187 198
39 104 103 246
45 112 135 158
53 60 137 298
61 56 133 258
53 72 103 282
73 104 53 246
83 116 39 286
65 112 63 210
73 112 77 146
71 120 57 178
67 80 73 222
61 120 81 150
61 92 117 138
31 156 163 138
39 124 147 158
39 140 169 110
47 92 161 162
29 140 135 190
53 124 63 242
37 140 105 190
43 136 81 218
33 108 157 210
39 96 153 226
29 136 159 186
39 96 185 186
41 100 99 266
39 144 167 102
49 140 137 106
43 108 117 194
45 140 83 194
73 132 81 130
65 128 53 226
33 108 191 190
39 132 181 110
25 152 145 202
47 116 89 190
41 144 107 166
47 68 127 262
47 72 151 230
45 96 91 298
43 164 149 98
49 132 127 114
53 128 123 110
67 48 119 294
35 144 145 146
47 92 127 178
27 152 123 194
25 168 135 170
29 132 147 226
33 128 155 182
25 156 151 194
55 92 99 170
41 128 91 202
45 136 75 214
49 68 143 254
53 124 129 94
55 136 111 122
51 64 141 278
47 72 147 234
51 64 145 266
47 68 117 286
53 72 99 286
53 68 99 318
49 132 77 178
53 128 87 166
55 112 101 154
67 96 101 146
59 88 129 150
61 116 87 146
39 124 141 162
31 140 149 178
49 88 111 210
47 132 151 102
33 132 161 174
43 100 111 202
45 120 93 190
49 104 101 182
45 148 67 210
45 108 93 226
57 124 69 182
53 56 131 350
45 72 121 266
45 96 123 198
51 76 111 246
45 68 141 298
45 80 119 298
47 136 77 186
63 116 95 138
35 120 183 166
39 120 165 138
49 104 131 142
39 104 181 170
51 92 117 174
35 124 101 222
43 120 115 170
39 128 103 198
57 144 73 166
49 128 83 182
51 76 177 174
57 100 145 122
37 88 165 234
51 76 113 238
63 52 133 290
57 64 109 238
39 96 141 238
39 116 121 190
49 68 139 258
37 144 83 210
37 136 103 218
77 136 75 134
55 120 95 142
33 128 187 146
33 132 191 138
35 128 133 174
37 128 195 122
43 100 125 198
55 88 105 190
27 116 165 270
31 112 159 230
29 168 127 170
31 164 159 122
33 112 157 206
37 132 95 246
41 124 139 142
45 100 159 154
37 164 87 194
43 128 87 222
43 108 105 222
53 76 175 174
51 68 179 190
55 100 177 122
55 80 173 154
47 88 109 222
61 60 123 246
31 144 147 174
41 76 151 258
51 68 115 246
47 84 115 218
71 56 117 226
59 116 109 122
49 128 95 170
29 136 185 166
37 108 181 174
37 96 187 198
37 128 129 174
31 104 179 238
33 96 175 226
33 160 135 138
33 152 159 122
39 84 167 242
35 96 173 202
33 100 187 222
33 136 111 238
33 148 129 162
39 128 135 158
39 148 107 166
39 156 81 222
53 124 77 190
47 116 187 114
45 80 199 182
35 96 161 222
47 76 119 230
47 72 115 262
49 72 115 250
43 104 101 230
55 64 103 262
49 80 117 226
53 120 73 194
61 148 105 110
67 120 67 182
47 148 141 86
27 168 213 142
31 132 187 166
43 120 135 146
49 144 169 90
43 108 99 254
49 92 105 222
47 120 143 118
39 116 141 170
41 96 155 182
45 124 95 174
37 152 131 138
41 152 97 158
51 144 113 122
47 144 147 102
41 80 187 198
45 84 135 214
47 72 133 254
43 76 127 246
63 148 99 106
67 104 77 166
57 152 101 110
69 144 83 130
47 136 91 162
35 128 167 154
49 92 131 154
33 148 169 138
55 80 87 262
29 116 149 250
49 108 111 150
57 128 121 110
47 128 131 118
33 116 163 194
35 148 103 210
47 156 81 166
39 128 173 126
57 128 91 142
69 132 67 162
57 148 101 114
41 100 153 186
43 136 129 138
37 96 157 222
41 176 125 122
43 132 177 106
43 128 185 110
35 124 121 202
77 124 59 166
69 116 77 146
67 148 75 122
57 160 89 130
53 176 101 126
51 116 169 106
57 124 113 122
53 152 115 106
33 160 127 162
41 128 153 130
43 96 135 198
37 120 91 274
37 164 109 170
51 128 79 182
43 116 149 138
39 100 141 210
77 108 69 150
63 144 79 138
57 116 109 126
63 128 89 118
47 196 103 142
59 156 83 118
45 128 141 118
35 116 147 194
43 132 153 126
33 164 131 138
35 160 121 154
37 152 121 154
43 164 121 130
43 152 113 138
45 120 155 110
47 156 73 182
41 132 161 114
75 108 97 130
55 132 103 134
59 144 67 150
39 108 149 174
39 136 147 126
29 148 153 178
35 144 111 170
35 168 121 146
37 140 109 178
35 160 129 146
51 180 57 230
57 116 61 222
47 124 169 106
77 120 85 118
51 140 143 98
57 120 73 182
53 160 99 130
63 168 51 198
65 144 59 174
59 160 77 134
29 112 175 226
37 100 155 226
27 136 141 262
43 112 167 134
33 136 175 158
31 152 125 178
35 156 133 146
43 120 123 158
37 132 137 166
45 112 125 166
59 128 105 114
83 120 105 114
83 112 85 134
69 128 93 114
81 104 85 146
81 96 71 178
53 124 83 182
67 152 69 138
55 160 101 118
51 160 97 134
69 156 67 146
45 92 133 194
31 116 123 278
45 120 121 142
45 108 169 142
31 136 177 162
31 148 137 182
35 156 127 154
41 156 127 122
55 152 49 290
51 132 57 282
45 116 107 190
39 120 153 150
49 92 119 194
75 140 77 126
75 100 83 158
81 116 67 158
53 160 95 134
47 168 95 154
43 104 157 154
45 100 129 174
37 108 155 202
37 136 107 214
49 96 141 150
57 148 75 150
37 144 111 162
49 152 105 142
35 140 107 218
51 124 119 138
73 100 87 146
71 116 93 122
87 120 69 146
71 96 79 174
47 96 105 202
35 116 151 190
35 108 175 194
35 136 109 214
57 80 145 166
41 128 121 162
77 124 79 134
45 152 115 134
33 116 171 182
31 120 171 202
31 124 143 222
31 140 119 230
67 144 39 298
57 88 93 190
29 124 195 186
31 120 165 214
37 164 125 150
71 140 39 298
31 100 181 234
33 120 175 174
25 128 201 226
57 136 105 114
25 144 159 198
27 104 187 274
23 148 183 182
25 116 181 266
49 132 97 158
33 148 135 154
29 100 181 266
37 144 103 190
29 124 169 202
33 112 167 202
27 120 163 222
33 116 145 210
65 128 41 326
85 104 49 226
41 128 73 274
33 156 155 138
51 148 139 86
41 72 155 338
61 120 107 114
87 100 57 198
61 100 89 166
55 104 107 142
57 104 59 282
49 64 163 246
55 160 49 242
79 116 79 134
61 96 71 242
69 56 83 314
53 156 105 126
57 76 153 170
51 116 115 146
65 92 75 194
73 172 87 106
51 60 123 342
55 56 123 326
49 152 73 170
49 72 143 218
71 48 103 314
47 64 195 242
57 116 47 334
23 156 165 194
79 96 51 246
41 148 189 94
49 76 105 270
59 100 61 278
49 104 99 202
35 152 165 110
77 108 83 146
61 88 59 310
51 172 137 86
57 76 119 198
43 120 133 150
51 172 115 114
53 64 205 202
69 48 205 218
45 100 101 226
55 80 105 210
75 72 107 182
49 72 127 230
71 52 127 226
73 44 115 286
39 92 189 190
57 108 123 126
37 140 123 166
43 92 131 210
67 104 59 242
81 96 69 198
55 84 131 166
59 68 95 262
33 104 151 246
41 76 163 230
51 72 119 222
53 68 127 238
57 108 117 130
49 92 107 206
41 148 147 110
47 152 135 102
49 148 75 178
61 108 89 150
47 152 79 178
45 120 99 178
75 92 89 170
77 160 35 290
41 128 111 182
51 180 211 66
91 108 55 190
69 40 177 310
63 160 139 78
41 88 121 318
29 164 141 174
29 144 219 146
73 116 43 310
43 64 179 346
29 136 211 150
85 152 33 274
81 84 115 142
69 40 167 318
47 124 67 314
55 128 75 186
75 116 59 182
91 92 67 202
43 72 137 322
45 160 111 134
57 132 55 250
41 152 143 110
49 100 141 138
57 108 113 134
51 96 115 166
55 100 73 246
53 72 115 234
33 136 105 266
49 120 149 106
53 92 165 146
51 100 161 134
63 72 73 258
45 144 117 142
57 120 83 166
67 88 65 250
57 80 75 254
65 112 71 178
43 108 147 158
39 100 107 270
49 116 203 106
33 104 143 282
47 108 79 234
41 96 137 206
61 156 57 194
57 80 67 318
57 100 87 190
31 152 189 134
47 172 75 178
77 40 171 270
79 96 69 202
51 148 111 118
55 56 163 258
61 80 197 146
45 104 97 230
49 112 177 110
35 148 151 130
75 68 143 166
45 120 137 134
49 148 67 194
63 80 133 162
65 68 77 274
51 76 129 218
39 120 93 270
37 140 159 134
77 48 107 246
35 88 165 262
83 44 211 230
53 104 115 134
35 144 141 150
41 88 137 222
53 148 101 130
75 52 95 274
39 148 79 226
51 92 87 234
51 104 95 206
53 52 155 366
55 84 121 178
33 128 167 170
43 96 117 214
75 144 47 218
41 108 149 158
45 120 113 162
41 80 175 226
47 124 123 134
57 116 105 142
47 136 125 118
65 52 141 246
35 104 161 210
37 88 141 270
49 128 187 94
45 124 91 194
81 60 119 194
45 120 153 114
37 128 155 158
55 108 71 194
39 100 117 254
37 168 127 138
35 128 145 170
35 144 153 142
35 92 183 234
39 92 145 238
57 68 165 186
45 88 179 158
37 140 131 158
49 100 139 142
53 88 93 214
31 104 157 254
27 128 171 218
33 144 137 166
47 92 105 230
27 148 169 182
79 88 47 298
75 96 71 194
47 120 91 186
53 132 107 134
67 60 115 230
41 96 177 178
49 132 131 110
47 64 147 306
55 116 159 102
35 120 159 186
45 132 77 222
53 80 109 218
35 144 105 190
45 116 123 154
37 128 157 154
41 92 165 190
53 80 131 198
51 116 121 134
45 128 143 110
57 120 95 130
63 136 69 158
39 116 183 142
41 116 171 146
41 140 167 110
43 144 133 122
45 132 87 206
67 148 55 182
47 96 109 198
45 140 89 182
51 148 89 142
65 140 67 154
63 124 101 118
63 132 49 266
65 144 133 82
81 96 65 202
69 96 67 210
65 88 111 150
61 92 83 198
65 52 127 286
57 108 49 326
53 136 55 250
25 152 167 194
73 68 87 230
31 180 191 106
73 60 103 226
57 72 121 206
45 164 113 122
63 76 67 254
39 80 179 238
53 72 145 198
61 152 77 134
81 80 71 210
73 164 35 290
45 148 117 134
61 120 93 130
45 144 63 322
55 152 51 234
69 52 101 306
49 100 87 238
59 96 75 226
55 120 123 110
63 92 79 194
53 112 169 114
39 96 129 262
87 128 131 90
71 88 61 238
69 76 173 138
41 108 101 258
63 164 55 202
59 84 63 326
51 92 123 166
45 72 191 210
49 92 77 318
51 124 125 118
57 80 161 158
77 72 127 158
69 64 77 274
41 116 179 142
59 104 101 142
33 144 145 150
55 48 151 386
73 68 133 170
67 76 143 150
87 140 37 242
53 100 125 138
75 132 53 194
61 52 135 274
79 80 107 162
45 156 89 158
29 140 157 186
55 76 169 166
61 68 85 254
29 124 191 190
45 76 153 214
85 84 93 174
35 148 107 182
43 120 157 126
37 148 157 118
55 68 137 198
45 84 115 226
55 128 127 106
33 144 165 146
67 144 75 142
43 124 123 150
57 152 95 126
49 156 117 110
71 148 127 82
69 132 129 90
57 88 121 154
47 108 73 266
73 84 75 210
93 48 137 222
65 44 141 306
71 104 51 254
77 92 63 226
63 160 39 322
45 132 107 150
45 116 109 186
47 108 95 218
33 132 105 302
79 80 57 262
59 132 53 258
43 104 99 258
69 76 171 146
71 148 51 174
67 84 55 286
29 156 169 162
69 44 139 282
65 92 71 202
39 104 153 182
65 60 121 234
57 88 81 206
49 152 119 122
39 124 185 126
45 140 129 118
49 128 99 154
51 88 105 206
43 168 101 154
55 156 107 102
79 140 119 86
59 92 109 142
63 52 129 294
61 48 157 278
79 96 47 278
73 48 111 266
75 72 97 186
49 120 143 110
55 144 111 106
67 68 101 190
65 88 109 154
77 124 51 210
89 128 117 94
77 120 175 90
63 84 121 158
69 68 97 202
77 88 111 142
51 72 95 366
67 56 107 262
79 100 61 202
63 52 143 262
65 56 127 234
61 72 101 222
57 88 105 170
57 132 111 98
65 120 55 230
63 116 65 202
69 44 129 290
85 104 63 190
85 104 53 202
65 48 145 262
55 92 129 142
63 80 121 178
69 76 109 174
57 60 149 198
71 124 47 230
63 52 189 226
53 72 125 218
73 128 43 238
71 144 51 214
81 136 45 194
91 124 45 206
51 56 149 354
65 40 179 350
55 152 59 214
41 144 197 98
27 148 211 150
27 172 135 162
53 100 101 182
71 84 119 146
53 168 93 130
81 108 165 98
41 112 85 298
65 116 55 234
53 68 111 254
59 104 67 238
51 136 65 194
81 96 53 242
25 148 127 234
61 140 161 86
47 132 99 170
55 56 181 250
27 168 109 222
53 136 147 90
77 80 103 174
77 88 89 174
25 128 167 234
73 120 51 230
67 84 117 150
45 108 121 178
35 140 179 130
47 112 115 158
47 120 107 146
49 56 149 378
37 132 165 138
59 56 117 334
49 60 129 346
41 120 139 162
47 100 181 142
41 104 135 174
43 136 147 110
47 180 109 130
55 132 83 162
67 120 97 118
33 96 141 322
59 140 131 90
75 48 101 270
75 132 49 198
75 80 123 154
39 88 171 214
43 144 131 126
39 116 137 186
39 120 95 250
73 132 51 202
67 84 125 146
41 100 161 174
45 124 79 242
95 100 97 138
59 164 129 90
65 144 125 90
51 132 117 130
69 48 101 338
75 148 167 74
67 80 57 294
63 188 145 70
47 60 157 334
51 52 201 330
63 40 173 358
65 120 47 326
41 148 161 98
49 140 173 90
43 116 91 234
81 136 51 186
73 84 135 138
55 172 91 130
79 120 63 158
37 160 103 174
83 84 95 174
61 100 93 142
33 136 123 226
65 120 83 134
43 68 159 314
83 76 75 218
41 76 133 346
73 92 73 194
59 96 71 246
55 72 85 286
57 100 103 146
65 64 79 278
51 172 63 210
33 120 141 202
41 132 121 154
63 100 51 274
61 192 109 98
57 144 65 174
63 48 165 262
47 80 115 234
49 76 115 246
43 120 87 250
65 52 159 222
29 132 161 210
59 100 91 174
55 96 85 206
45 128 71 266
43 76 199 218
63 156 73 142
49 124 101 166
43 128 137 130
35 128 93 298
31 120 191 190
45 80 143 202
51 124 87 178
69 152 101 102
49 144 85 154
55 112 103 150
57 136 77 158
85 64 179 154
29 156 157 166
49 124 67 254
39 84 127 266
43 72 149 254
59 96 101 158
69 144 69 138
57 88 79 226
63 76 65 278
51 80 105 230
79 104 91 142
63 56 165 190
73 44 103 350
55 112 97 162
35 144 155 138
41 96 147 190
29 152 161 166
57 100 55 326
83 108 53 218
47 112 93 186
59 128 113 102
45 108 175 134
23 136 163 222
79 80 91 186
49 72 151 198
65 76 111 178
43 112 165 138
43 116 169 130
69 64 69 290
59 88 63 290
51 72 97 294
59 92 203 126
47 140 187 90
53 116 93 170
57 92 125 150
69 60 105 222
49 64 137 298
29 168 163 138
65 48 201 234
59 52 155 278
63 56 101 342
85 52 119 230
85 40 167 270
53 60 161 246
69 48 117 302
57 68 85 274
39 124 163 134
49 100 173 134
45 112 99 210
39 88 161 234
69 52 125 234
73 76 105 174
49 104 77 234
37 132 127 170
51 104 63 250
61 108 91 146
35 104 153 218
43 88 117 242
61 48 133 346
39 148 113 146
45 144 149 102
49 132 91 170
51 128 119 134
63 44 155 294
65 56 143 214
33 116 131 246
45 92 131 202
49 56 159 366
43 68 157 338
51 136 73 178
43 120 187 114
61 92 85 174
51 140 83 162
69 56 97 266
27 116 159 286
35 116 167 178
39 120 141 166
55 84 85 218
51 96 139 150
87 116 47 214
59 72 127 174
75 76 61 238
33 140 151 162
37 140 91 234
69 132 51 234
45 68 151 274
51 76 85 286
39 120 131 178
29 160 145 170
47 152 63 234
51 148 131 106
49 80 109 262
49 84 127 210
29 152 173 138
57 140 59 198
29 116 143 302
67 88 133 130
45 68 133 326
35 124 187 158
37 136 195 118
51 84 103 214
35 148 135 138
39 100 165 202
51 80 103 234
51 76 103 278
59 68 105 238
41 144 155 110
41 100 191 166
25 136 147 226
57 136 85 146
41 156 117 138
69 108 101 134
43 116 141 154
43 124 137 138
67 136 59 154
39 92 133 258
43 88 129 238
73 84 89 186
45 136 105 150
57 88 171 142
51 104 73 246
57 152 133 86
49 168 83 154
51 160 83 154
51 88 83 266
75 72 115 166
77 48 143 218
67 44 133 326
55 80 89 246
63 116 73 150
69 132 87 130
33 140 215 130
67 40 173 346
57 80 97 202
45 108 85 258
49 120 103 166
57 100 89 186
33 104 177 206
53 184 67 186
75 80 127 150
85 52 189 190
77 168 43 214
55 120 87 162
31 100 179 246
51 132 149 102
59 156 53 218
37 120 97 242
53 84 91 238
53 100 75 258
73 136 125 86
51 88 135 166
53 116 79 186
67 88 53 306
23 156 191 178
67 76 101 182
45 104 127 174
75 76 69 222
51 76 75 302
45 104 125 178
41 96 109 282
53 52 145 378
63 52 145 242
45 92 115 206
45 156 81 174
55 88 179 146
85 92 97 146
53 112 97 166
61 108 75 174
43 124 117 162
47 116 131 138
45 128 131 138
45 132 101 162
57 120 133 98
65 72 67 230
47 144 115 134
87 144 125 82
57 84 121 166
41 92 197 182
35 84 177 270
61 132 81 134
43 112 177 126
79 116 153 90
63 108 103 126
71 168 37 290
69 96 105 142
59 128 99 122
69 52 121 250
85 120 43 218
83 60 75 258
67 136 121 94
55 76 73 318
35 112 143 230
43 120 193 110
73 80 141 146
51 80 93 274
57 108 101 150
33 92 169 310
37 92 135 282
39 136 125 166
41 120 91 226
67 64 77 306
71 84 109 154
65 80 141 154
49 136 125 114
53 100 77 250
43 132 89 186
73 80 61 246
85 88 183 118
53 112 71 210
59 64 87 282
61 112 47 334
63 100 59 258
49 76 111 254
27 136 191 190
49 132 69 186
45 88 111 238
41 80 123 286
79 84 73 214
57 128 77 170
41 88 167 198
71 108 61 214
37 108 123 254
79 48 99 290
63 116 101 130
41 156 123 130
43 120 109 182
55 120 83 178
67 80 95 202
57 188 45 250
61 68 103 202
47 112 91 210
29 160 181 134
43 116 117 174
63 76 75 230
67 140 85 130
75 120 127 102
47 80 97 270
45 112 79 250
49 80 145 186
59 116 57 250
85 40 187 254
37 84 163 262
27 144 151 218
67 88 71 206
49 56 161 350
75 100 85 150
75 140 117 94
49 116 119 146
75 116 45 258
57 116 119 122
65 120 159 94
43 84 117 358
55 80 107 194
45 80 121 262
65 84 99 178
79 116 51 218
53 52 169 330
65 160 99 102
67 128 55 206
43 152 93 170
49 120 95 174
43 164 103 150
45 60 191 334
45 136 157 102
69 136 125 90
55 116 67 218
59 100 57 318
69 104 49 294
77 84 79 206
59 104 59 246
61 108 55 254
61 76 157 162
31 124 139 238
65 116 63 202
67 108 53 258
41 124 133 154
73 52 109 262
41 136 145 126
47 76 137 226
47 124 103 170
67 128 69 162
43 132 155 122
57 116 151 102
71 136 87 114
29 152 121 226
61 96 75 214
59 116 83 154
79 36 167 314
43 144 71 258
47 64 193 250
65 140 43 290
51 136 145 102
65 140 45 254
51 76 115 234
55 72 143 194
77 116 49 226
71 140 101 110
87 124 135 90
41 88 129 262
41 104 165 166
63 64 125 186
63 156 123 82
33 92 185 246
39 84 171 226
69 52 177 218
45 104 91 266
61 96 77 198
55 92 83 222
51 68 145 218
57 76 87 246
31 132 125 218
39 92 125 298
43 108 123 170
47 92 139 166
57 80 131 170
51 92 93 214
45 96 81 314
63 68 79 242
63 72 119 186
43 108 77 266
43 68 189 262
77 100 59 210
69 84 81 202
59 80 97 190
49 76 95 286
59 88 79 222
89 36 159 310
47 64 157 282
61 64 131 198
61 72 77 234
55 84 95 194
49 112 87 214
45 64 185 282
63 124 59 218
71 104 77 154
75 88 73 198
51 88 87 262
47 100 85 270
49 132 63 226
47 128 67 202
67 120 59 226
59 56 143 222
65 84 83 198
53 52 195 302
53 88 119 170
63 60 125 198
79 60 113 218
47 104 85 222
53 156 53 234
55 132 61 210
55 136 55 226
71 92 57 254
55 100 77 230
51 100 85 262
53 124 71 194
69 160 45 210
69 56 111 250
81 52 93 266
69 56 87 278
49 84 129 206
61 152 49 226
47 136 63 266
61 156 51 218
73 92 59 246
71 128 53 210
55 136 81 162
63 140 49 218
55 64 201 206
69 60 121 214
59 72 117 206
57 124 89 146
41 116 79 290
71 112 63 194
57 56 125 298
53 124 87 170
57 136 53 242
73 48 127 258
93 40 177 254
61 60 99 254
71 56 155 186
57 72 85 254
53 64 141 238
71 148 115 86
67 116 85 146
55 132 57 234
87 36 157 314
59 60 103 262
47 132 65 274
87 40 149 290
79 36 147 330
69 48 131 258
77 68 107 178
57 128 117 114
59 52 131 306
61 68 93 230
43 116 95 230
79 40 139 306
65 72 125 162
49 124 69 230
49 128 137 114
57 64 101 270
53 76 105 230
41 116 99 230
77 56 83 262
67 80 131 154
61 80 111 182
37 112 109 314
51 128 65 238
57 124 61 190
51 140 57 250
51 124 113 142
49 72 113 270
33 140 89 250
69 80 107 166
57 140 71 174
55 108 89 174
45 76 119 310
33 132 109 258
81 68 81 222
81 76 57 238
71 76 83 194
29 168 107 254
59 104 113 122
49 88 89 246
85 92 57 222
71 64 69 270
81 92 47 254
61 68 73 306
77 96 61 230
85 108 47 238
69 60 81 282
55 64 93 278
71 44 119 294
43 116 107 202
63 64 85 238
37 160 81 258
41 116 85 274
57 72 73 306
77 112 51 246
89 116 39 230
77 132 37 258
57 60 111 286
65 52 129 274
63 48 135 314
51 116 99 162
55 72 97 238
45 88 129 222
69 72 61 306
51 84 91 266
73 96 63 214
89 100 49 214
77 116 47 242
59 60 121 254
53 76 121 214
69 88 51 322
73 68 61 306
69 88 67 214
85 88 65 214
75 92 59 238
73 96 51 262
75 92 51 254
69 136 41 266
65 52 105 302
39 128 75 242
43 108 97 258
73 84 51 322
53 84 95 226
65 76 83 214
71 96 69 206
61 112 57 234
77 104 57 230
73 100 55 234
47 92 95 246
49 80 103 266
57 100 73 234
47 72 105 278
55 92 87 206
55 68 85 306
55 128 53 294
73 80 91 190
77 124 39 250
59 72 77 266
85 120 39 242
71 88 95 170
83 144 35 242
59 128 57 198
77 148 45 234
75 136 35 310
81 112 45 226
81 112 61 194
73 140 39 274
65 148 53 190
85 132 41 206
83 128 37 270
73 132 39 302
71 140 35 310
81 96 55 210
69 144 43 262
57 156 61 186
61 128 65 182
95 120 41 218
75 88 49 278
69 136 39 302
69 120 45 246
65 172 65 162
67 116 49 238
71 148 57 170
65 184 81 130
71 108 53 230
69 116 57 210
81 76 207 134
69 124 57 202
47 120 139 130
77 104 83 150
55 120 117 118
69 84 155 130
47 100 125 182
47 136 115 142
75 84 101 166
33 140 109 186
49 96 103 178
51 124 57 310
57 68 213 178
47 112 171 130
75 144 51 174
75 132 121 94
71 68 63 290
43 184 107 146
33 148 107 218
31 116 153 226
27 124 139 298
45 88 167 178
31 128 159 186
43 76 165 222
79 80 99 170
67 60 147 190
69 76 97 178
79 52 131 206
49 84 109 218
41 92 181 186
49 100 93 222
27 128 153 250
37 148 87 198
79 108 45 246
31 132 157 194
55 128 69 190
49 124 93 182
39 140 97 210
29 112 171 242
71 116 83 130
57 140 85 142
63 100 81 178
71 164 47 190
43 164 133 106
49 112 123 130
41 104 127 210
37 112 149 198
29 96 191 286
27 140 157 206
43 68 151 358
47 64 175 258
47 96 99 234
55 132 95 138
43 120 163 118
67 80 113 158
51 52 167 358
57 56 151 246
65 124 57 210
53 132 59 218
63 100 117 122
51 52 155 386
73 52 83 314
75 152 139 78
69 156 37 298
51 96 79 286
45 108 153 146
51 148 81 162
77 64 201 154
59 56 161 214
87 36 197 282
51 128 67 194
47 80 111 246
39 132 133 150
43 116 109 198
53 128 61 250
29 148 123 226
47 108 149 142
51 80 121 214
47 132 123 126
41 124 177 126
33 112 133 282
55 108 109 138
47 56 187 354
39 84 147 246
75 100 107 130
59 96 83 198
77 100 75 166
75 108 57 226
49 104 91 210
75 120 43 242
61 176 203 66
67 148 47 218
43 164 85 174
31 152 215 130
65 152 125 86
51 140 167 90
47 120 97 178
65 168 131 78
73 140 147 82
77 120 119 106
59 100 75 222
53 80 157 162
65 96 109 138
25 168 131 202
53 120 93 154
71 116 103 118
59 52 137 302
67 112 65 190
53 64 137 270
25 164 175 190
41 104 97 298
45 96 171 162
27 160 121 226
81 72 153 150
45 96 129 190
53 136 121 118
27 124 159 282
49 96 91 226
59 128 47 282
37 112 107 326
35 132 157 154
45 112 145 146
47 64 159 278
41 76 145 278
51 84 93 230
51 60 187 238
45 108 137 150
39 104 131 222
53 56 151 310
63 64 115 218
49 112 135 118
45 100 133 170
49 60 163 290
39 96 179 194
43 148 151 94
57 52 125 374
57 128 79 150
37 116 129 194
37 128 179 130
59 136 87 118
63 92 93 170
69 100 59 218
63 120 63 198
43 80 143 230
37 84 157 318
67 120 53 230
57 88 115 162
29 144 155 178
39 112 153 170
45 116 89 206
29 116 135 318
45 136 87 194
49 152 81 162
49 108 91 186
37 132 191 126
49 104 111 170
59 104 93 154
39 96 157 206
35 136 149 154
39 128 177 118
43 136 179 102
47 160 111 130
41 144 111 154
55 76 129 190
29 140 131 222
33 172 117 182
27 164 149 182
45 116 133 146
45 64 171 310
69 164 133 78
37 136 111 206
31 112 197 198
71 96 117 134
75 40 153 294
79 100 69 182
53 92 71 310
43 108 129 166
37 96 161 206
45 124 143 130
57 104 217 114
49 84 133 198
61 104 49 326
45 148 111 146
49 144 135 102
61 84 65 318
53 132 99 138
71 80 159 134
61 56 129 274
53 132 121 122
41 152 89 174
55 144 91 134
57 132 103 126
61 100 77 194
31 132 111 250
47 160 159 82
27 116 173 242
31 148 149 154
71 124 53 226
51 132 113 134
71 108 49 282
55 48 185 358
43 164 167 82
37 144 139 134
55 116 107 138
37 136 167 122
51 60 143 306
39 104 123 226
61 112 109 110
65 116 69 178
51 124 65 242
65 48 127 318
75 96 171 110
53 96 89 210
47 116 101 182
87 76 153 138
79 152 133 78
35 88 155 278
77 68 71 254
45 92 111 234
49 84 99 254
35 88 149 282
65 104 49 318
63 64 79 310
33 120 123 246
67 104 61 222
47 60 165 330
55 120 53 298
77 116 99 118
69 56 127 226
67 56 137 202
75 48 193 210
69 124 55 210
45 112 75 294
59 112 83 166
49 136 61 282
65 64 91 214
75 128 123 94
53 88 85 222
77 100 49 270
73 124 49 218
67 80 171 138
85 84 101 158
35 176 99 210
35 120 145 194
53 100 211 126
65 108 67 194
63 136 41 306
53 144 53 258
43 128 129 142
75 140 41 238
59 144 153 86
27 172 113 210
85 56 157 182
55 80 143 174
55 116 101 150
41 140 81 210
41 72 173 266
45 100 157 158
71 56 115 238
55 52 157 318
59 48 137 354
29 136 151 210
51 76 143 186
31 128 143 202
31 112 137 318
51 124 105 150
41 164 109 154
53 120 127 122
43 68 169 310
47 60 177 318
77 168 139 74
71 44 169 266
55 116 53 306
41 136 141 130
75 92 101 150
51 148 117 110
65 84 143 142
75 80 189 130
69 136 71 146
61 124 127 106
61 100 177 114
65 92 165 122
61 96 83 174
69 88 63 254
45 104 167 146
39 116 177 154
41 84 143 230
71 116 129 102
43 100 137 186
53 112 87 174
49 84 103 246
73 108 65 198
41 72 183 254
41 96 143 198
61 132 45 298
57 52 133 358
63 128 43 298
63 120 173 94
41 132 101 190
77 108 147 106
49 60 153 314
67 84 81 206
49 80 155 178
79 156 155 74
83 72 123 162
49 60 191 250
61 92 171 126
75 100 177 106
71 112 61 202
57 92 69 278
61 72 171 170
55 108 195 110
49 128 87 174
49 64 161 250
43 68 179 274
59 68 145 186
73 156 135 78
73 180 167 66
83 136 163 82
45 68 201 250
61 112 159 102
59 112 191 102
73 104 199 106
65 60 81 310
67 60 79 310
63 76 191 154
57 108 163 110
55 88 191 142
45 116 81 210
87 152 165 74
65 164 143 74
77 88 103 158
47 72 159 190
69 96 161 114
65 56 109 262
53 60 157 254
47 128 91 178
49 116 69 246
53 92 91 190
51 112 101 178
55 52 165 298
47 92 163 158
43 80 157 210
67 108 163 106
41 80 179 214
71 100 163 110
47 76 151 206
49 68 155 210
41 112 187 130
55 128 91 154
65 60 99 238
61 76 95 206
49 88 99 230
49 64 157 274
53 88 179 150
41 100 113 226
65 104 135 110
51 80 153 182
49 84 139 182
45 96 107 222
43 96 199 162
63 64 123 214
53 84 107 206
55 88 147 150
39 104 137 198
37 104 119 266
63 112 149 102
77 104 179 102
59 80 119 182
43 96 139 178
61 108 131 114
81 112 171 94
43 88 159 186
47 104 175 130
45 92 139 174
51 96 201 134
31 104 147 290
29 104 157 342
51 84 191 154
59 80 205 150
51 76 197 166
29 104 173 270
33 88 155 338
33 104 139 354
59 68 195 170
53 68 175 182
59 72 199 158
49 68 171 206
59 64 107 222
59 52 185 242
53 168 185 78
61 76 171 158
51 124 99 154
53 164 61 202
43 196 83 206
39 100 155 206
59 92 173 130
37 136 139 158
31 132 139 202
59 100 69 246
51 140 101 134
67 116 99 126
57 88 147 146
29 144 181 170
73 108 59 202
43 140 165 106
71 88 77 194
49 64 121 342
25 152 141 218
41 124 131 158
57 76 109 202
37 148 147 126
83 36 175 298
57 52 165 258
37 132 153 142
45 116 77 258
73 136 41 246
45 64 155 334
43 72 135 346
31 112 145 302
59 160 59 194
49 92 83 270
75 104 99 138
37 116 137 190
61 132 55 242
27 108 185 278
49 56 171 338
95 36 207 266
59 148 141 78
43 136 135 126
57 128 59 250
53 68 141 214
27 160 167 170
69 96 51 286
33 112 129 294
71 84 103 170
79 132 79 126
59 96 167 122
83 64 193 146
37 108 159 194
57 104 97 154
71 192 151 66
55 92 81 226
63 124 91 126
53 88 141 158
31 124 121 310
61 84 61 342
87 60 207 154
57 152 161 78
61 180 119 86
63 132 79 142
61 96 63 250
33 128 113 318
43 128 119 146
71 44 205 262
53 148 97 138
57 100 101 162
37 132 91 262
73 152 37 274
77 160 31 302
31 144 153 162
51 60 183 254
51 96 165 138
55 144 85 138
59 124 93 134
65 76 89 206
43 72 157 250
53 60 149 262
67 76 119 166
51 80 125 206
33 132 165 162
61 56 105 306
37 112 155 182
25 140 161 210
37 108 127 218
37 100 129 258
43 124 155 134
47 104 113 178
43 88 139 198
57 108 87 158
43 104 97 286
63 144 57 182
65 124 103 102
71 140 81 130
45 88 89 310
67 48 147 254
47 116 151 122
45 116 187 118
45 144 121 130
71 92 103 146
61 72 187 162
73 52 119 234
63 76 87 210
61 76 147 170
47 132 171 98
27 148 125 266
63 116 141 98
53 96 123 142
57 48 165 334
43 140 127 138
39 108 95 322
41 148 127 138
51 64 157 218
29 136 123 254
65 112 87 134
51 108 81 198
61 100 139 118
61 120 91 142
45 68 131 366
61 168 47 274
65 64 117 210
73 116 133 98
65 92 57 326
69 144 101 106
67 136 131 90
43 80 151 214
71 84 77 210
55 80 95 238
57 76 141 174
49 140 77 170
71 88 59 262
41 108 93 286
31 156 101 226
79 148 39 230
65 140 59 178
57 92 95 178
55 96 101 166
55 104 63 242
53 124 107 138
31 144 169 154
37 100 135 230
57 84 197 146
77 80 145 134
53 104 177 122
75 108 155 102
61 56 107 278
45 104 213 134
53 92 167 142
59 92 131 138
39 72 195 334
43 84 147 218
71 72 183 142
63 144 95 110
71 124 43 266
67 156 35 334
51 88 123 178
39 136 219 106
55 92 89 198
65 140 77 146
67 108 49 302
41 92 151 214
61 120 73 174
65 152 75 146
55 96 119 154
47 112 109 174
47 128 105 158
73 108 173 102
73 116 157 94
37 84 143 354
53 76 183 166
53 80 207 158
43 64 185 326
39 76 167 346
69 88 101 166
97 52 205 186
65 76 167 150
59 48 149 326
37 116 169 166
75 68 197 150
33 84 177 330
37 80 171 342
37 80 165 346
25 124 169 230
37 76 193 334
33 104 157 218
49 84 157 162
49 60 177 258
53 56 191 250
51 56 183 266
61 48 179 250
67 44 183 278
59 56 135 282
65 44 183 290
59 48 171 266
55 132 105 126
33 132 139 178
49 56 147 382
37 116 145 170
69 108 109 122
43 92 201 174
45 84 191 178
49 128 107 138
75 156 67 142
79 128 77 142
83 60 109 214
33 140 199 134
35 108 151 210
37 120 165 158
63 124 89 138
41 168 103 154
59 80 65 334
53 60 135 310
53 80 121 206
41 128 157 126
47 96 89 258
67 60 87 294
69 140 57 194
63 68 151 174
57 44 195 370
71 148 109 98
61 128 127 98
31 144 119 210
35 172 119 166
29 180 107 234
41 136 201 106
55 144 103 122
45 152 97 154
49 148 121 122
55 116 93 158
45 116 139 134
31 136 123 246
55 92 73 250
51 68 105 350
55 112 111 130
53 108 101 166
65 132 55 218
39 132 109 174
37 108 139 214
51 112 61 282
49 92 147 150
69 56 159 194
33 112 123 298
69 52 157 230
41 112 153 150
61 44 141 370
43 112 99 226
43 88 173 178
27 144 141 234
37 104 145 206
69 48 125 270
39 112 111 238
55 148 65 186
45 148 93 170
75 168 73 134
63 148 45 282
53 156 77 162
57 176 131 86
39 92 147 234
45 60 181 346
53 132 79 170
63 88 63 274
61 136 53 210
57 92 67 294
33 140 145 170
55 116 89 166
67 56 135 222
57 64 139 198
35 168 157 114
47 96 155 146
51 124 97 166
49 100 81 266
49 140 107 126
51 96 161 142
25 164 177 178
57 76 89 222
67 112 145 102
73 36 161 338
83 140 95 102
57 112 79 174
67 52 125 270
83 96 69 194
65 128 61 178
63 76 201 150
49 132 61 290
47 156 107 134
37 112 173 166
33 112 137 266
51 116 143 114
35 92 137 274
51 60 155 290
61 100 67 246
41 84 163 214
55 84 73 294
55 96 81 218
35 112 113 274
39 140 115 150
39 132 143 138
85 76 141 146
37 116 107 258
31 128 171 170
39 136 155 118
31 176 115 186
55 132 91 146
65 88 117 138
53 84 87 242
59 100 173 118
67 144 151 78
33 116 117 330
43 144 119 142
65 100 79 162
71 124 71 146
59 48 151 302
63 68 141 182
61 152 109 102
63 80 105 182
49 116 81 202
51 100 71 282
35 136 171 134
61 84 127 158
37 84 165 258
51 136 91 158
77 68 177 154
61 40 179 398
43 140 95 170
59 48 145 350
71 48 139 242
73 52 193 194
75 148 103 98
75 120 49 226
53 80 77 286
45 140 101 158
67 100 71 174
41 112 141 166
55 48 175 378
85 60 231 162
41 136 113 158
55 128 55 274
57 72 135 186
45 112 89 242
43 128 75 234
37 80 187 250
77 48 207 202
57 132 49 282
69 48 153 242
73 116 53 218
65 128 45 274
59 136 45 290
63 84 129 150
61 84 165 146
67 132 41 282
89 40 203 238
63 84 133 146
53 100 161 130
81 40 193 254
55 100 129 130
59 108 57 258
35 92 127 290
67 124 43 274
65 112 49 258
61 112 53 266
63 132 45 290
67 116 45 266
59 112 51 274
59 112 67 230
55 112 61 242
65 132 47 266
35 168 147 122
45 124 105 162
35 116 177 170
43 72 169 238
59 120 77 174
75 52 169 194
81 104 53 238
59 80 91 218
51 100 131 138
43 100 153 162
61 108 49 318
49 80 205 162
39 128 95 218
53 84 173 154
63 104 103 134
53 104 79 198
51 56 159 338
35 164 163 118
73 132 65 150
63 100 67 198
37 140 185 118
81 40 173 262
33 112 143 254
71 60 151 166
41 92 153 210
61 52 117 318
65 76 105 194
53 92 171 138
55 76 75 294
41 120 117 186
41 128 147 134
73 40 123 310
73 112 137 98
33 176 119 170
43 84 173 206
39 112 125 202
67 116 57 230
79 56 103 238
39 108 135 210
37 80 183 278
63 88 145 134
71 112 145 98
53 140 99 134
73 92 93 162
27 148 143 218
37 144 133 146
29 128 129 258
79 88 151 126
35 80 179 330
41 120 147 146
59 56 127 290
73 52 99 278
47 84 171 162
63 140 63 178
73 148 55 166
81 44 157 238
57 84 191 150
79 44 143 250
37 84 161 286
55 104 141 118
33 124 115 298
79 40 203 266
43 120 105 186
45 64 161 314
59 60 99 338
61 56 103 346
69 168 51 182
39 96 119 270
37 96 149 250
73 44 199 238
73 76 155 146
67 48 183 246
61 68 151 182
89 52 227 186
75 48 129 242
69 92 155 118
73 56 149 194
63 96 139 126
67 88 171 126
33 144 123 182
33 164 121 182
77 44 115 270
31 160 135 158
57 48 187 326
75 52 135 222
45 76 139 238
63 52 107 306
53 52 203 298
71 60 123 206
55 48 199 318
59 44 183 346
53 52 193 310
63 68 197 166
65 136 169 78
55 144 155 86
63 84 61 282
57 68 131 198
67 64 187 170
37 124 171 150
51 56 163 302
55 148 73 174
73 104 49 270
73 84 65 218
57 72 103 214
57 116 155 98
69 84 107 162
83 76 141 150
67 132 47 246
53 132 91 154
37 132 119 194
57 56 139 290
75 56 127 198
47 120 83 194
35 160 199 98
57 48 157 342
69 120 151 94
57 52 149 302
63 56 121 266
37 116 205 154
47 72 143 246
63 76 109 194
67 72 181 146
53 108 139 122
49 88 127 190
57 96 105 154
71 64 115 182
51 116 87 190
43 104 89 322
43 112 105 210
45 68 163 258
45 120 133 138
51 148 71 178
75 44 141 262
63 108 65 226
89 48 203 198
39 112 113 218
61 80 133 166
59 88 177 130
51 108 171 122
69 64 109 206
43 148 79 218
95 44 207 226
51 88 167 154
39 124 99 226
67 64 111 210
53 68 107 262
49 116 155 114
81 76 155 142
69 128 53 222
43 140 87 186
45 148 89 174
65 104 63 226
57 48 179 330
69 108 65 214
43 96 101 266
31 120 145 262
75 148 99 102
35 112 127 270
61 84 83 206
37 160 181 98
53 104 57 302
61 84 129 154
65 80 109 170
63 104 61 238
77 68 141 166
49 60 161 302
53 148 157 82
53 84 111 190
59 104 147 114
61 60 143 214
67 72 87 206
53 84 131 170
53 176 113 106
59 116 117 118
37 120 137 178
61 164 57 190
27 144 191 186
39 100 173 190
63 84 99 182
57 84 145 154
49 144 129 110
71 76 111 166
63 120 53 238
49 144 97 150
63 80 155 142
47 100 103 202
51 120 131 118
35 120 107 294
35 140 87 282
55 76 127 206
77 128 47 202
69 88 79 194
55 104 101 158
65 76 99 198
45 72 175 230
59 84 129 158
75 80 133 142
75 104 45 294
47 160 101 146
33 128 117 274
37 116 113 250
61 92 59 302
49 76 167 182
45 100 95 258
65 60 95 298
69 112 63 206
57 48 153 358
73 84 99 174
55 96 151 126
75 108 51 250
57 112 85 158
73 100 49 286
57 104 57 294
53 96 61 342
59 68 159 182
73 56 189 182
65 124 147 90
51 120 85 186
55 100 57 350
57 72 165 174
59 96 57 350
55 88 135 162
49 108 107 170
51 128 181 98
51 152 59 226
47 100 93 226
85 92 119 134
71 108 153 106
43 128 181 114
43 144 121 138
73 112 45 290
85 168 49 186
37 112 111 254
63 96 145 122
43 108 173 142
49 116 67 298
55 124 59 274
67 180 45 218
59 108 137 110
45 100 99 254
61 92 97 158
75 56 165 174
57 96 147 130
51 80 179 170
49 84 107 234
67 108 59 234
63 108 73 190
65 152 51 210
63 100 163 114
49 80 93 282
43 100 103 254
57 84 131 162
57 76 195 162
69 100 55 254
65 96 79 182
57 80 85 242
65 100 61 250
67 96 59 246
69 112 53 254
75 88 159 122
67 92 83 186
53 120 197 102
81 132 57 174
71 144 45 238
71 60 91 266
73 88 59 254
51 60 167 270
89 120 53 198
95 44 193 230
63 72 169 162
63 132 163 86
65 136 159 86
77 76 161 142
73 68 221 158
75 80 57 270
79 68 163 162
69 104 89 154
75 96 47 286
79 68 75 246
71 68 185 162
83 132 41 238
79 152 37 254
79 136 45 226
89 144 39 222
79 120 55 210
83 136 41 230
79 140 45 218
63 136 51 262
29 148 119 318
27 136 145 258
65 124 49 246
59 108 53 282
73 84 141 134
61 132 51 270
57 124 57 286
55 116 59 298
51 108 207 118
53 176 57 218
57 100 191 118
65 84 195 134
31 196 113 194
59 88 163 142
27 128 149 270
71 52 101 278
83 68 157 162
85 68 173 158
65 68 183 166
75 92 77 190
41 88 159 214
89 68 153 162
53 172 85 150
73 56 129 214
67 96 151 118
55 96 69 302
61 152 43 342
61 60 129 238
43 132 71 314
29 160 117 218
79 44 187 242
63 72 165 170
41 108 125 206
57 96 71 274
53 64 199 214
75 112 57 214
57 72 183 166
77 100 63 206
55 64 207 198
55 172 77 158
71 52 163 210
59 84 185 150
67 100 65 238
69 60 215 178
33 100 161 242
37 100 131 250
57 128 53 290
61 124 49 302
67 140 153 86
63 96 173 118
79 80 185 130
45 104 205 142
29 108 199 258
31 108 175 242
27 132 213 210
39 88 163 230
53 84 85 278
91 96 135 118
81 96 143 122
79 108 123 118
37 96 145 266
35 180 119 162
61 88 141 146
87 108 127 114
67 52 135 266
89 108 139 106
63 48 143 306
65 96 165 118
93 56 125 218
93 48 163 214
63 96 71 226
75 60 91 262
67 112 61 214
71 84 65 254
65 52 123 294
59 136 211 86
65 128 193 86
57 108 129 122
61 48 139 330
91 68 171 158
65 80 145 150
77 72 155 154
73 68 173 162
81 88 101 158
71 136 51 226
57 120 59 278
69 116 129 106
43 84 125 270
37 116 117 242
49 164 61 246
53 140 53 306
55 148 47 330
57 120 57 290
57 152 47 322
43 88 115 398
29 144 193 162
53 128 63 234
33 108 143 278
59 56 107 378
49 108 67 326
61 168 123 90
